Lieferantennummer;Artikelnummer;Artikelbezeichnung;EAN-Nummer;Warengruppe;Verpackungseinheit;Rabattgruppe;Mehrwertsteuerschlüssel;Netto-/Grundnettopreis;Unverbindliche VK-Preisempfehlung
4007176;12017;WD Prinzessinnen Sort. 36 Stk;4007176120170;43;1;0;1;102.73;0
4007176;12078;WD Die Eiskönigin Sort 24 St;4007176120781;43;1;0;1;74.52;0
4007176;12104;WD Spardose Olaf;4007176121047;43;3;0;1;11.05;21.99
4007176;12128;WD Feen Sort 24 St;4007176121283;43;1;0;1;76.56;0
4007176;12167;WD Cars 3 Geschenk-Box 4 St;4007176121672;43;2;0;1;12.03;22.95
4007176;12168;WD Cars 3 Sort 24;4007176121689;43;1;0;1;69.2;0
4007176;12169;WD Cars 3 Geschenk-Set;4007176121696;43;4;0;1;5.75;10.99
4007176;12228;WD Spardose Winnie Puuh;4007176122280;43;3;0;1;8.95;17.99
4007176;12230;WD Spardose Light  McQueen;4007176122303;43;3;0;1;11.05;21.99
4007176;12253;WD Simba;4007176122532;43;6;0;1;3.19;6.99
4007176;12254;WD Junger Simba;4007176122549;43;6;0;1;2.38;4.99
4007176;12256;WD Rafiki mit Baby Simba;4007176122563;43;6;0;1;3.19;6.99
4007176;12310;WD Arielle;4007176123102;43;6;0;1;2.73;5.99
4007176;12312;WD Arielle im rosa Kleid;4007176123126;43;6;0;1;3.19;6.99
4007176;12313;WD Prinz Eric;4007176123133;43;6;0;1;2.73;5.99
4007176;12322;WD Rabbit;4007176123225;43;6;0;1;2.38;4.99
4007176;12324;WD I-Aah mit Ferkel;4007176123249;43;6;0;1;2.38;4.99
4007176;12326;WD Ferkel mit Herzen;4007176123263;43;6;0;1;2.38;4.99
4007176;12327;WD Winnie Puuh mit Schal;4007176123270;43;6;0;1;2.38;4.99
4007176;12328;WD Winnie Puuh mit Häschen;4007176123287;43;6;0;1;2.38;4.99
4007176;12340;WD Winnie Puuh mit Honigtopf;4007176123409;43;6;0;1;2.38;4.99
4007176;12342;WD Winnie Puuh mit Blumen;4007176123423;43;6;0;1;2.38;4.99
4007176;12343;WD I-Aah;4007176123430;43;6;0;1;2.38;4.99
4007176;12344;WD Ferkel;4007176123447;43;6;0;1;2.38;4.99
4007176;12345;WD Tigger;4007176123454;43;6;0;1;2.38;4.99
4007176;12354;WD Triton;4007176123546;43;6;0;1;3.19;6.99
4007176;12356;WD Eric;4007176123560;43;6;0;1;2.38;4.99
4007176;12357;WD Ursula;4007176123577;43;6;0;1;2.73;5.99
4007176;12359;WD Gute Fee;4007176123591;43;6;0;1;2.38;4.99
4007176;12376;WD Shir Khan;4007176123768;43;6;0;1;2.38;4.99
4007176;12377;WD Baghira;4007176123775;43;6;0;1;2.38;4.99
4007176;12380;WD Mogli;4007176123805;43;6;0;1;2.38;4.99
4007176;12381;WD Balu;4007176123812;43;6;0;1;2.38;4.99
4007176;12383;WD King Louie;4007176123836;43;6;0;1;2.38;4.99
4007176;12393;WD Tinkerbell;4007176123935;43;6;0;1;2.73;5.99
4007176;12394;WD Tinkerbell mit Blitz;4007176123942;43;6;0;1;2.38;4.99
4007176;12399;WD Pinocchio;4007176123997;43;6;0;1;2.73;5.99
4007176;12401;WD Belle;4007176124017;43;6;0;1;3.19;6.99
4007176;12402;WD Schneewittchen;4007176124024;43;6;0;1;2.73;5.99
4007176;12417;WD Flynn Rider;4007176124178;43;6;0;1;2.73;5.99
4007176;12420;WD Bambi;4007176124208;43;6;0;1;2.38;4.99
4007176;12421;WD Klopfer;4007176124215;43;6;0;1;2.38;4.99
4007176;12422;WD Pascal;4007176124222;43;6;0;1;2.38;4.99
4007176;12423;WD Maximus;4007176124239;43;6;0;1;3.86;7.99
4007176;12424;WD Rapunzel mit Blumen;4007176124246;43;6;0;1;3.19;6.99
4007176;12425;WD Mutter Gothel;4007176124253;43;6;0;1;2.73;5.99
4007176;12426;WD Rapunzel;4007176124260;43;6;0;1;3.19;6.99
4007176;12445;WD Susi;4007176124451;43;6;0;1;2.38;4.99
4007176;12446;WD Strolch;4007176124468;43;6;0;1;2.38;4.99
4007176;12453;WD Jasmin;4007176124536;43;6;0;1;2.38;4.99
4007176;12454;WD Aladdin;4007176124543;43;6;0;1;2.38;4.99
4007176;12463;WD Biest;4007176124635;43;3;0;1;3.86;7.99
4007176;12465;WD Prinz;4007176124659;43;6;0;1;2.73;5.99
4007176;12472;WD Dschinni;4007176124727;43;6;0;1;2.38;4.99
4007176;12474;WD Madame Pottine;4007176124741;43;6;0;1;2.38;4.99
4007176;12476;WD Zwerg Chef;4007176124765;43;6;0;1;2.38;4.99
4007176;12477;WD Zwerg Schlafmütze;4007176124772;43;6;0;1;2.38;4.99
4007176;12478;WD Zwerg Brummbär;4007176124789;43;6;0;1;2.38;4.99
4007176;12479;WD Zwerg Happy;4007176124796;43;6;0;1;2.38;4.99
4007176;12480;WD Zwerg Pimpel;4007176124802;43;6;0;1;2.38;4.99
4007176;12481;WD Zwerg Hatschi;4007176124819;43;6;0;1;2.38;4.99
4007176;12482;WD Zwerg Seppl;4007176124826;43;6;0;1;2.38;4.99
4007176;12485;WD Hexe;4007176124857;43;6;0;1;2.38;4.99
4007176;12490;WD Pfeifer;4007176124901;43;6;0;1;2.38;4.99
4007176;12491;WD Fiedler;4007176124918;43;6;0;1;2.38;4.99
4007176;12492;WD Schweinchen Schlau;4007176124925;43;6;0;1;2.38;4.99
4007176;12493;WD Ede Wolf;4007176124932;43;6;0;1;2.38;4.99
4007176;12500;WD Prinz Philip (Aurora);4007176125007;43;6;0;1;2.38;4.99
4007176;12501;WD Cinderella;4007176125014;43;6;0;1;3.19;6.99
4007176;12502;WD Karli + Jacques;4007176125021;43;6;0;1;2.73;5.99
4007176;12524;WD Märchenprinz;4007176125243;43;6;0;1;2.73;5.99
4007176;12533;WD Pumbaa;4007176125335;43;6;0;1;2.38;4.99
4007176;12534;WD Timon;4007176125342;43;6;0;1;2.38;4.99
4007176;12555;WD Böse Königin;4007176125557;43;6;0;1;2.38;4.99
4007176;12556;WD Malefiz;4007176125564;43;3;0;1;3.86;7.99
4007176;12563;WD Herr von Unruh;4007176125632;43;6;0;1;2.38;4.99
4007176;12599;WD Cinderella;4007176125991;43;6;0;1;3.19;6.99
4007176;12610;WD Nemo;4007176126103;43;6;0;1;2.38;4.99
4007176;12611;WD Dorie;4007176126110;43;6;0;1;2.38;4.99
4007176;12612;WD Bruce;4007176126127;43;6;0;1;2.38;4.99
4007176;12618;WD Squirt;4007176126189;43;6;0;1;2.38;4.99
4007176;12628;WD Marlin;4007176126288;43;6;0;1;2.38;4.99
4007176;12650;WD Peter Pan;4007176126509;43;6;0;1;2.38;4.99
4007176;12651;WD Kapitän Hook;4007176126516;43;6;0;1;2.73;5.99
4007176;12652;WD Wendy;4007176126523;43;6;0;1;2.38;4.99
4007176;12760;WD Buzz Lightyear;4007176127605;43;3;0;1;3.86;7.99
4007176;12761;WD Woody;4007176127612;43;3;0;1;3.86;7.99
4007176;12762;WD Jessie;4007176127629;43;3;0;1;3.86;7.99
4007176;12763;WD Bully;4007176127636;43;6;0;1;2.73;5.99
4007176;12764;WD Rex;4007176127643;43;6;0;1;2.38;4.99
4007176;12765;WD Alien;4007176127650;43;6;0;1;2.02;3.99
4007176;12783;WD Francesco Bernoulli;4007176127834;43;6;0;1;3.19;6.99
4007176;12787;WD Finn McMissile;4007176127872;43;6;0;1;2.73;5.99
4007176;12791;WD Bully;4007176127919;43;6;0;1;2.73;5.99
4007176;12798;WD Lightning McQueen;4007176127988;43;6;0;1;2.73;5.99
4007176;12799;WD Hook;4007176127995;43;6;0;1;3.19;6.99
4007176;12825;WD Merida;4007176128251;43;6;0;1;2.73;5.99
4007176;12826;WD Drillingswelpen;4007176128268;43;6;0;1;2.02;3.99
4007176;12827;WD Merida schleichend;4007176128275;43;6;0;1;2.73;5.99
4007176;12828;WD Angus;4007176128282;43;3;0;1;3.86;7.99
4007176;12840;WD Tinkerbell Winterfee;4007176128404;43;6;0;1;2.73;5.99
4007176;12842;WD Periwinkle;4007176128428;43;6;0;1;2.73;5.99
4007176;12843;WD Aurora;4007176128435;43;6;0;1;2.73;5.99
4007176;12844;WD Emily;4007176128442;43;6;0;1;3.19;6.99
4007176;12845;WD Klara;4007176128459;43;6;0;1;3.19;6.99
4007176;12846;WD Rosetta;4007176128466;43;6;0;1;3.19;6.99
4007176;12847;WD Silberhauch;4007176128473;43;6;0;1;3.19;6.99
4007176;12848;WD Tinkerbell;4007176128480;43;6;0;1;3.19;6.99
4007176;12849;WD Vidia;4007176128497;43;6;0;1;3.19;6.99
4007176;12885;WD Aurora;4007176128855;43;6;0;1;3.19;6.99
4007176;12908;WD Cruz Ramirez;4007176129081;43;6;0;1;2.73;5.99
4007176;12909;WD Jackson Storm;4007176129098;43;6;0;1;2.73;5.99
4007176;12910;WD Miss Fritter;4007176129104;43;6;0;1;3.19;6.99
4007176;12930;WD Prinzessin Sofia;4007176129302;43;6;0;1;2.38;4.99
4007176;12931;WD Sofia mit Buch;4007176129319;43;6;0;1;2.73;5.99
4007176;12932;WD Kalle;4007176129326;43;6;0;1;2.02;3.99
4007176;12936;WD OFA Geschenk-Box 4 St;4007176129364;43;2;0;1;12.44;24.95
4007176;12937;WD OFA Geschenk-Set-Charm;4007176129371;43;4;0;1;7.44;14.99
4007176;12938;WD OFA Geschenk-Set-Charm;4007176129388;43;6;0;1;7.44;14.99
4007176;12939;WD OFA Sortiment 18 St;4007176129395;43;1;0;1;55.84;0
4007176;12940;WD Elsa OFA;4007176129401;43;6;0;1;3.1;6.99
4007176;12941;WD Anna OFA;4007176129418;43;6;0;1;3.1;6.99
4007176;12942;WD Olaf Zuckerstange- OFA;4007176129425;43;6;0;1;2.33;4.99
4007176;12943;WD Olaf OFA mit Girlande;4007176129432;43;6;0;1;2.68;5.99
4007176;12958;WD Elsa Die Eiskönigin;4007176129586;43;6;0;1;3.19;6.99
4007176;12959;WD Anna Fever;4007176129593;43;6;0;1;3.19;6.99
4007176;12960;WD Anna;4007176129609;43;6;0;1;3.19;6.99
4007176;12961;WD Eiskönigin Elsa;4007176129616;43;6;0;1;3.19;6.99
4007176;12962;WD Kristoff;4007176129623;43;6;0;1;3.19;6.99
4007176;12963;WD Olaf;4007176129630;43;6;0;1;2.38;4.99
4007176;12965;WD Sven;4007176129654;43;3;0;1;3.86;7.99
4007176;12969;WD Olaf mit Hut;4007176129692;43;6;0;1;2.38;4.99
4007176;13070;WD Spardose Eiskönigin  Elsa;4007176130704;43;3;0;1;8.95;17.99
4007176;13081;WD Elena Avalor Geschenk-Set;4007176130810;43;6;0;1;5.92;11.99
4007176;13120;WD Vampirina Geschenk-Set 1;4007176131206;43;6;0;1;6.6;12.99
4007176;13121;WD Vampirina Geschenk-Set 2;4007176131213;43;6;0;1;6.6;12.99
4007176;13124;WD Vampirina Geschenk-Box 3 S;4007176131244;43;6;0;1;9.65;18.99
4007176;13180;WD Vaiana Sort 24 St;4007176131800;43;1;0;1;78.12;0
4007176;13185;WD Vaiana;4007176131855;43;6;0;1;3.19;6.99
4007176;13186;WD Maui;4007176131862;43;3;0;1;5.31;10.99
4007176;13187;WD Pua;4007176131879;43;6;0;1;2.38;4.99
4007176;13188;WD Heihei;4007176131886;43;6;0;1;2.02;3.99
4007176;13189;WD Kokomora;4007176131893;43;6;0;1;2.38;4.99
4007176;13190;WD Vaiana Geschenk-Box 4 St;4007176131909;43;2;0;1;12.95;24.95
4007176;13210;WD Kion;4007176132104;43;6;0;1;2.38;4.99
4007176;13211;WD Banga;4007176132111;43;6;0;1;2.02;3.99
4007176;13212;WD Beshti;4007176132128;43;3;0;1;3.86;7.99
4007176;13213;WD Fuli;4007176132135;43;6;0;1;2.38;4.99
4007176;13214;WD Ono;4007176132142;43;6;0;1;2.02;3.99
4007176;13244;WD Elena Avalor Geschenk-Set;4007176132449;43;6;0;1;6;11.99
4007176;13245;WD Prinzessin Geschenk-Box 3;4007176132456;43;2;0;1;9.5;19.99
4007176;13249;WD Elena von Avalor Sort 24;4007176132494;43;1;0;1;73.72;0
4007176;13250;WD Elena;4007176132500;43;6;0;1;3.19;6.99
4007176;13251;WD Isabel;4007176132517;43;6;0;1;2.73;5.99
4007176;13252;WD Mateo;4007176132524;43;6;0;1;2.73;5.99
4007176;13253;WD Skylar;4007176132531;43;6;0;1;3.86;7.99
4007176;13255;WD Elena im Ballkleid;4007176132555;43;3;0;1;3.86;7.99
4007176;13288;WD Die Unglaublichen 2;4007176132883;43;4;0;1;8;15.99
4007176;13289;WD Die Unglaublichen 2;4007176132890;43;2;0;1;15.5;29.99
4007176;13436;WD Belle Geschenk-Set;4007176134368;43;4;0;1;6;11.99
4007176;13437;WD Arielle Geschenk-Set;4007176134375;43;4;0;1;6;11.99
4007176;13438;WD Cinderella Geschenk-Set;4007176134382;43;4;0;1;6;11.99
4007176;13446;WD Die Eiskönigin GB 3 St;4007176134467;43;4;0;1;8.35;17.99
4007176;13450;WD Vampirina;4007176134504;43;3;0;1;3.78;7.99
4007176;13451;WD Ghoul Girls Vampirina;4007176134511;43;3;0;1;3.78;7.99
4007176;13452;WD Gregoria;4007176134528;43;6;0;1;3.1;6.99
4007176;13453;WD Wolfie;4007176134535;43;6;0;1;2.73;5.99
4007176;13454;WD Demi;4007176134542;43;6;0;1;2.73;5.99
4007176;13461;WD Rapunzel stehend GS;4007176134610;43;6;0;1;6;11.99
4007176;13462;WD Rapunzel kurzhaarig GS;4007176134627;43;6;0;1;6;11.99
4007176;13463;WD Rapunzel laufend GS;4007176134634;43;6;0;1;6;11.99
4007176;15046;WD Mickey Racers Sort 24;4007176150467;43;1;0;1;64.32;0
4007176;15074;WD Mickey Weihnachten GS;4007176150740;43;6;0;1;6.6;12.99
4007176;15077;WD Micky Valentine GS;4007176150771;43;6;0;1;6.6;12.99
4007176;15081;WD Micky Bayern GS;4007176150818;43;6;0;1;6.6;12.99
4007176;15082;WD Micky Halloween GS;4007176150825;43;6;0;1;6.6;12.99
4007176;15083;WD Micky Double Pack;4007176150832;43;6;0;1;5.5;10.99
4007176;15084;WD Micky&Freunde Geschenk-Set;4007176150849;43;6;0;1;5.5;11.99
4007176;15085;WD Micky&Freunde Geschenk-Set;4007176150856;43;6;0;1;5.5;11.99
4007176;15209;WD Spardose Micky;4007176152096;43;3;0;1;11.05;21.99
4007176;15210;WD Spardose Minnie;4007176152102;43;3;0;1;11.05;21.99
4007176;15290;WD Minnie Halloween;4007176152904;43;6;0;1;3.19;6.99
4007176;15291;WD Micky Halloween;4007176152911;43;6;0;1;3.19;6.99
4007176;15292;WD Micky Valentine;4007176152928;43;6;0;1;3.19;6.99
4007176;15293;WD Minnie Valentine;4007176152935;43;6;0;1;3.19;6.99
4007176;15310;WD Dagobert Duck;4007176153109;43;6;0;1;2.73;5.99
4007176;15328;WD Minnie mit Tasche;4007176153284;43;6;0;1;2.73;5.99
4007176;15329;WD Minnie mit Hündchen;4007176153291;43;6;0;1;2.73;5.99
4007176;15337;WD Daisy;4007176153376;43;6;0;1;2.73;5.99
4007176;15338;WD Micky Celebration;4007176153383;43;6;0;1;2.73;5.99
4007176;15339;WD Minnie Celebration;4007176153390;43;6;0;1;2.73;5.99
4007176;15343;WD Daisy;4007176153437;43;6;0;1;2.73;5.99
4007176;15345;WD Donald;4007176153451;43;6;0;1;2.73;5.99
4007176;15346;WD Goofy;4007176153468;43;6;0;1;2.73;5.99
4007176;15347;WD Pluto;4007176153475;43;6;0;1;2.73;5.99
4007176;15348;WD Micky;4007176153482;43;6;0;1;2.73;5.99
4007176;15349;WD Minnie;4007176153499;43;6;0;1;2.73;5.99
4007176;15390;WD Micky in Lederhose;4007176153901;43;6;0;1;3.19;6.99
4007176;15391;WD Minnie im Dirndl;4007176153918;43;6;0;1;3.19;6.99
4007176;15441;WD Micky Weihnachten;4007176154410;43;6;0;1;3.19;6.99
4007176;15442;WD Minnie Weihnachten;4007176154427;43;6;0;1;3.19;6.99
4007176;15459;WD Rennfahrer Micky im Auto;4007176154595;43;3;0;1;3.78;7.99
4007176;15460;WD Rennfahrer Donald im Auto;4007176154601;43;3;0;1;3.78;7.99
4007176;15461;WD Rennfahrer Micky;4007176154618;43;6;0;1;2.68;5.99
4007176;15462;WD Rennfahrer Goofy;4007176154625;43;6;0;1;2.68;5.99
4007176;15463;WD Rennfahrer Minnie;4007176154632;43;6;0;1;2.68;5.99
4007176;15464;WD Rennfahrer Donald;4007176154649;43;6;0;1;2.68;5.99
4007176;41500;Raupe Nimmersatt;4007176415009;43;6;0;1;3.1;6.99
4007176;41501;Raupe Nimmersatt laufend;4007176415016;43;6;0;1;3.1;6.99
4007176;41520;Spardose Raupe Nimmersatt;4007176415207;43;3;0;1;8.2;16.99
4007176;41526;Raupe Nimmersatt stehend SP;4007176415269;43;6;0;1;5.5;10.99
4007176;41527;Raupe Nimmersatt G-Set 4 Fig;4007176415276;43;2;0;1;15.5;29.99
4007176;41600;Drache Digby;4007176416006;43;3;0;1;3.86;7.99
4007176;41602;Fee Fizzy;4007176416020;43;3;0;1;3.86;7.99
4007176;41604;Eichhörnchen Chips;4007176416044;43;6;0;1;3.19;6.99
4007176;41606;Kobold Grumpy;4007176416068;43;6;0;1;3.19;6.99
4007176;41623;Drache Digby Single Pack;4007176416235;43;6;0;1;7.25;14.99
4007176;41624;Fee Fizzy Single Pack;4007176416242;43;6;0;1;6.6;12.99
4007176;41628;Drache Digby Geschenk-Box 3 S;4007176416280;43;4;0;1;8.5;16.99
4007176;43155;Wickie;4007176431559;43;6;0;1;2.38;4.99
4007176;43157;Halvar;4007176431573;43;6;0;1;2.73;5.99
4007176;43158;Snorre;4007176431580;43;6;0;1;2.38;4.99
4007176;43159;Tjure;4007176431597;43;6;0;1;2.38;4.99
4007176;43161;Faxe;4007176431610;43;6;0;1;3.19;6.99
4007176;43162;Wickie springend;4007176431627;43;6;0;1;3.19;6.99
4007176;43309;Yakari Geschenk-Box 3 St;4007176433096;43;6;0;1;6.6;12.99
4007176;43355;Yakari auf Kleiner Donner;4007176433553;43;6;0;1;3.19;6.99
4007176;43356;Yakari mit Federschmuck;4007176433560;43;6;0;1;2.38;4.99
4007176;43358;Kleiner Donner;4007176433584;43;6;0;1;2.02;3.99
4007176;43359;Regenbogen;4007176433591;43;6;0;1;1.55;2.99
4007176;43360;Kleiner Dachs;4007176433607;43;6;0;1;1.55;2.99
4007176;43361;Großer Adler;4007176433614;43;6;0;1;1.55;2.99
4007176;43465;Diddl Sortiment 24 St;4007176434659;43;1;0;1;64.12;0
4007176;43470;Diddl;4007176434703;43;6;0;1;2.73;5.99
4007176;43471;Diddl mit Käse;4007176434710;43;6;0;1;2.73;5.99
4007176;43472;Diddl kniend;4007176434727;43;6;0;1;2.73;5.99
4007176;43473;Diddlina;4007176434734;43;6;0;1;2.73;5.99
4007176;43474;Diddlina mit Blumen;4007176434741;43;6;0;1;2.73;5.99
4007176;43475;Diddl-Pferd;4007176434758;43;6;0;1;2.73;5.99
4007176;43476;Pimboli;4007176434765;43;6;0;1;2.38;4.99
4007176;43650;Herr Fuchs;4007176436509;43;6;0;1;2.38;4.99
4007176;43651;Frau Elster;4007176436516;43;6;0;1;2.38;4.99
4007176;43652;Pittiplatsch;4007176436523;43;6;0;1;2.38;4.99
4007176;43653;Schnatterinchen;4007176436530;43;6;0;1;2.38;4.99
4007176;43654;Moppi;4007176436547;43;6;0;1;2.38;4.99
4007176;43655;Sandmännchen;4007176436554;43;6;0;1;2.38;4.99
4007176;44050;Kokosnuss;4007176440506;43;6;0;1;2.38;4.99
4007176;44051;Matilda;4007176440513;43;6;0;1;2.38;4.99
4007176;44052;Oskar;4007176440520;43;6;0;1;2.38;4.99
4007176;44053;Kokosnuss m Tasche auf Karte;4007176440537;43;6;0;1;2.38;4.99
4007176;44060;Kleiner Drache Kokosnuss;4007176440605;43;1;0;1;57.12;0
4007176;44389;Pummeleinhorn Mystery Sort 18;4007176443897;43;1;0;1;55.8;0
4007176;44393;GeburtstagsPummel Single Pack;4007176443934;43;6;0;1;3.1;6.99
4007176;44394;Pummel mit Teddy Single Pack;4007176443941;43;6;0;1;3.1;6.99
4007176;44396;Pummeleinhorn Spardose;4007176443965;43;3;0;1;7.44;14.99
4007176;44397;Pummel reitend Single Pack;4007176443972;43;6;0;1;3.1;6.99
4007176;44399;Pummeleinhorn Keyring;4007176443996;43;6;0;1;1.98;3.99
4007176;44400;Pummel mit Teddy Keyring;4007176444009;43;6;0;1;1.98;3.99
4007176;44401;Pummelfee Keyring;4007176444016;43;6;0;1;1.98;3.99
4007176;44402;Pummeleinhorn Bilderrahmen;4007176444023;43;3;0;1;4.73;10.99
4007176;44403;Pummelfee Bilderrahmen;4007176444030;43;3;0;1;3.78;7.99
4007176;44421;Pummeleinhorn POS Display;4007176444214;43;1;0;1;160.8;0
4007176;44425;Badespaß Pummeleinhorn;4007176444252;43;3;0;1;3.97;7.99
4007176;44426;Pummeleinhorn Schlüsselanhäng;4007176444269;43;1;0;1;0;0
4007176;44451;Pummel als Stier Single Pack;4007176444511;43;4;0;1;7.55;14.99
4007176;44452;Pummel als Zwilling SP;4007176444528;43;4;0;1;7.55;14.99
4007176;44453;Pummel als Krebs Single Pack;4007176444535;43;4;0;1;7.55;14.99
4007176;44454;Pummel als Löwe Single Pack;4007176444542;43;4;0;1;7.55;14.99
4007176;44455;Pummel als Jungfrau SP;4007176444559;43;4;0;1;7.55;14.99
4007176;44456;Pummel als Waage Single Pack;4007176444566;43;4;0;1;7.55;14.99
4007176;44457;Pummel als Skorpion SP;4007176444573;43;4;0;1;7.55;14.99
4007176;44458;Pummel als Schütze Single Pac;4007176444580;43;4;0;1;7.55;14.99
4007176;44459;Pummel als Steinbock SP;4007176444597;43;4;0;1;7.55;14.99
4007176;44460;Pummel als Wassermann SP;4007176444603;43;4;0;1;7.55;14.99
4007176;44461;Pummel als Fische SP;4007176444610;43;4;0;1;7.55;14.99
4007176;44462;Pummel als Widder Single Pack;4007176444627;43;4;0;1;7.55;14.99
4007176;44500;Birthday-Chubby Single Pack;4007176445006;43;6;0;1;3.1;6.99
4007176;44501;Chubby with Teddy Single Pack;4007176445013;43;6;0;1;3.1;6.99
4007176;44502;Chubby riding Single Pack;4007176445020;43;6;0;1;3.1;6.99
4007176;46005;Pettersson&Findus Geschenkset;4007176460054;43;6;0;1;6;11.99
4007176;46350;Pettersson;4007176463505;43;6;0;1;3.19;6.99
4007176;46351;Findus;4007176463512;43;6;0;1;3.19;6.99
4007176;58355;Riesenmammut;4007176583555;43;3;0;1;7.44;14.99
4007176;58375;Säbelzahntiger;4007176583753;43;6;0;1;2.33;4.99
4007176;58400;Ammonit;4007176584002;43;3;0;1;3.78;7.99
4007176;61364;Pteranodon Museum Line;4007176613641;43;3;0;1;4.73;10.99
4007176;61446;Medium Triceratops ML;4007176614464;43;3;0;1;4.73;10.99
4007176;61447;Medium Archaeopteryx ML;4007176614471;43;3;0;1;3.78;7.99
4007176;61448;Medium Tyrannosaurus ML;4007176614488;43;3;0;1;3.78;7.99
4007176;61449;Medium Liopleurodon ML;4007176614495;43;3;0;1;3.78;7.99
4007176;61451;Tyrannosaurus Museum Line;4007176614518;43;3;0;1;7.44;14.99
4007176;61455;Elasmosaurus Museum Line;4007176614556;43;3;0;1;4.73;10.99
4007176;61466;Velociraptor Museum Line;4007176614662;43;3;0;1;4.73;10.99
4007176;61470;Stegosaurus Museum Line;4007176614709;43;3;0;1;7.44;14.99
4007176;61472;Giganotosaurus Museum Line;4007176614723;43;3;0;1;7.44;14.99
4007176;61476;Dimetrodon Museum Line;4007176614761;43;3;0;1;5.42;10.49
4007176;61478;Therizinosaurus Museum Line;4007176614785;43;3;0;1;6.66;12.99
4007176;61479;Spinosaurus Museum Line;4007176614792;43;3;0;1;7.44;14.99
4007176;62100;Spardose Schwein;4007176621004;43;3;0;1;6.66;12.99
4007176;62250;Micro Schwein;4007176622506;43;50;0;1;0.4;1
4007176;62252;Micro Hahn weiss;4007176622520;43;50;0;1;0.4;1
4007176;62254;Micro Pferd weiss;4007176622544;43;50;0;1;0.4;1
4007176;62258;Micro Ente;4007176622582;43;50;0;1;0.4;1
4007176;62261;Micro Hahn Braun;4007176622612;43;50;0;1;0.4;1
4007176;62264;Micro Fledermaus;4007176622643;43;50;0;1;0.4;1
4007176;62268;Micro Kuh weiss/schwarz;4007176622681;43;50;0;1;0.4;1
4007176;62269;Micro Schäferhund;4007176622698;43;50;0;1;0.4;1
4007176;62270;Micro Marienkäfer;4007176622704;43;50;0;1;0.4;1
4007176;62273;Micro Hausmaus;4007176622735;43;50;0;1;0.4;1
4007176;62274;Micro Häschen;4007176622742;43;50;0;1;0.4;1
4007176;62276;Micro Eichhoernchen;4007176622766;43;50;0;1;0.4;1
4007176;62310;Eber;4007176623107;43;6;0;1;1.98;3.99
4007176;62311;Mutterschwein;4007176623114;43;6;0;1;1.98;3.99
4007176;62312;Ferkel;4007176623121;43;6;0;1;1.52;2.99
4007176;62317;Ziegenbock;4007176623176;43;6;0;1;1.98;3.99
4007176;62318;Ziege;4007176623183;43;6;0;1;1.98;3.99
4007176;62319;Geißlein;4007176623190;43;6;0;1;1.52;2.99
4007176;62320;Schaf;4007176623206;43;6;0;1;1.98;3.99
4007176;62321;Alpenkalb Nina;4007176623213;43;6;0;1;1.98;3.99
4007176;62442;Kuh Liesel schwarz/weiss;4007176624425;43;6;0;1;2.68;5.99
4007176;62444;Kuh Liesel braun/weiss;4007176624449;43;6;0;1;2.68;5.99
4007176;62478;Lamm;4007176624784;43;6;0;1;1.52;2.99
4007176;62509;Esel;4007176625095;43;6;0;1;2.68;5.99
4007176;62566;Shetlandpony Stute;4007176625668;43;6;0;1;2.33;4.99
4007176;62567;Stier Manolo;4007176625675;43;6;0;1;2.68;5.99
4007176;62609;Kuh Fanny schwarz/weiss;4007176626092;43;6;0;1;2.68;5.99
4007176;62610;Kuh Fanny braun/weiss;4007176626108;43;6;0;1;2.68;5.99
4007176;62615;Alpenkuh Darina;4007176626153;43;6;0;1;3.1;6.99
4007176;62616;Reiterin Nina;4007176626160;43;6;0;1;2.68;5.99
4007176;62621;Knabstrupper Hengst;4007176626214;43;6;0;1;3.1;6.99
4007176;62624;Alpenstier Peter;4007176626245;43;6;0;1;3.1;6.99
4007176;62630;Kalb Mona braun/weiss;4007176626306;43;6;0;1;1.98;3.99
4007176;62633;Alpenkuh Lara;4007176626337;43;6;0;1;3.1;6.99
4007176;62640;Turnierreiterin Isabelle;4007176626405;43;6;0;1;2.68;5.99
4007176;62643;Reitermädchen Emily;4007176626436;43;6;0;1;1.98;3.99
4007176;62657;Paint Horse Stute;4007176626573;43;6;0;1;3.1;6.99
4007176;62658;Trakehner Wallach;4007176626580;43;6;0;1;3.1;6.99
4007176;62665;Shire Horse Fohlen;4007176626658;43;6;0;1;2.33;4.99
4007176;62666;Shire Horse Wallach;4007176626665;43;6;0;1;3.1;6.99
4007176;62673;Knabstrupper Fohlen;4007176626733;43;6;0;1;2.33;4.99
4007176;62674;Oldenburger Wallach;4007176626740;43;6;0;1;3.1;6.99
4007176;62676;Lewitzer Stute;4007176626764;43;6;0;1;2.68;5.99
4007176;62677;Araber Stute;4007176626771;43;6;0;1;3.1;6.99
4007176;62678;Paint Horse Fohlen;4007176626788;43;6;0;1;2.33;4.99
4007176;62680;Trakehner Fohlen;4007176626801;43;6;0;1;2.33;4.99
4007176;62682;Hannoveraner Hengst;4007176626825;43;6;0;1;3.1;6.99
4007176;62693;Westfalen Hengst;4007176626931;43;3;0;1;3.78;7.99
4007176;62696;Haflinger Stute;4007176626962;43;6;0;1;3.1;6.99
4007176;62709;Kalb Fridolin schwarz/weiss;4007176627099;43;6;0;1;1.98;3.99
4007176;62710;Kalb Fridolin braun/weiss;4007176627105;43;6;0;1;1.98;3.99
4007176;62720;Westfalen Stute;4007176627204;43;3;0;1;3.78;7.99
4007176;62726;Pferdemädchen Marie;4007176627266;43;6;0;1;2.33;4.99
4007176;62727;Bauer Andreas;4007176627273;43;6;0;1;2.68;5.99
4007176;62728;Reiterin Julia;4007176627280;43;6;0;1;2.68;5.99
4007176;62729;Alpenkalb Mona;4007176627297;43;6;0;1;1.52;2.99
4007176;62731;Araber Hengst;4007176627310;43;3;0;1;3.78;7.99
4007176;62740;Alpenkuh Liesel;4007176627402;43;6;0;1;2.68;5.99
4007176;62754;Alpenkalb Benni;4007176627549;43;6;0;1;1.98;3.99
4007176;62755;Steinbock;4007176627556;43;6;0;1;2.33;4.99
4007176;62757;Friesen Stute;4007176627570;43;3;0;1;3.78;7.99
4007176;62758;Norwegischer Fjord Hengst;4007176627587;43;3;0;1;3.78;7.99
4007176;62759;Tinker Stute;4007176627594;43;3;0;1;3.78;7.99
4007176;62760;Island Stute;4007176627600;43;3;0;1;3.78;7.99
4007176;62761;Palomino Fohlen;4007176627617;43;6;0;1;2.33;4.99
4007176;62762;Palomino Stute;4007176627624;43;3;0;1;3.78;7.99
4007176;62763;Island Fohlen;4007176627631;43;6;0;1;2.33;4.99
4007176;63164;Flamingo Geschenk-Box 3 St.;4007176631645;43;6;0;1;5.69;10.99
4007176;63250;Micro Elefant;4007176632505;43;50;0;1;0.4;1
4007176;63251;Micro Tiger Orange;4007176632512;43;50;0;1;0.4;1
4007176;63252;Micro Löwe;4007176632529;43;50;0;1;0.4;1
4007176;63253;Micro Giraffe;4007176632536;43;50;0;1;0.4;1
4007176;63254;Micro Zebra;4007176632543;43;50;0;1;0.4;1
4007176;63256;Micro Flamingo;4007176632567;43;50;0;1;0.4;1
4007176;63258;Micro Schlange;4007176632581;43;50;0;1;0.4;1
4007176;63260;Micro Braunbär;4007176632604;43;50;0;1;0.4;1
4007176;63261;Micro Pelikan;4007176632611;43;50;0;1;0.4;1
4007176;63263;Micro Rhinozerus;4007176632635;43;50;0;1;0.4;1
4007176;63264;Micro Antilope;4007176632642;43;50;0;1;0.4;1
4007176;63265;Micro Scorpion;4007176632659;43;50;0;1;0.4;1
4007176;63270;Micro Panda;4007176632703;43;50;0;1;0.4;1
4007176;63286;Micro Einhorn;4007176632864;43;50;0;1;0.4;1
4007176;63537;Eisbär;4007176635377;43;3;0;1;3.78;7.99
4007176;63538;Eisbär Junges;4007176635384;43;6;0;1;1.98;3.99
4007176;63541;Kaiserpinguin;4007176635414;43;6;0;1;2.33;4.99
4007176;63542;Kaiserpinguin Junges;4007176635421;43;6;0;1;1.98;3.99
4007176;63553;Landschildkröte;4007176635537;43;3;0;1;3.78;7.99
4007176;63554;Landschildkröten Junges;4007176635544;43;6;0;1;1.98;3.99
4007176;63565;Känguruh;4007176635650;43;6;0;1;2.68;5.99
4007176;63567;Koala;4007176635674;43;6;0;1;2.68;5.99
4007176;63588;Indische Elefantenkuh;4007176635889;43;6;0;1;5.42;10.49
4007176;63589;Indisches Elefantenkalb;4007176635896;43;6;0;1;2.33;4.99
4007176;63594;Schimpansin mit Baby;4007176635940;43;6;0;1;3.1;6.99
4007176;63602;Panther;4007176636022;43;6;0;1;3.78;7.99
4007176;63608;Elch;4007176636084;43;3;0;1;3.78;7.99
4007176;63659;Afrikanisches Elefantenkalb;4007176636596;43;6;0;1;2.33;4.99
4007176;63668;Giraffe;4007176636688;43;3;0;1;3.78;7.99
4007176;63669;Giraffen Junges;4007176636695;43;6;0;1;1.98;3.99
4007176;63675;Zebra;4007176636756;43;6;0;1;3.1;6.99
4007176;63676;Zebra Junges;4007176636763;43;6;0;1;2.33;4.99
4007176;63678;Panda;4007176636787;43;6;0;1;2.68;5.99
4007176;63679;Panda Junges;4007176636794;43;6;0;1;1.52;2.99
4007176;63680;Löwe;4007176636800;43;6;0;1;2.68;5.99
4007176;63681;Löwin;4007176636817;43;6;0;1;2.68;5.99
4007176;63682;Löwen Junges;4007176636824;43;6;0;1;1.52;2.99
4007176;63683;Tiger braun;4007176636831;43;6;0;1;2.68;5.99
4007176;63684;Tiger Junges braun;4007176636848;43;6;0;1;1.52;2.99
4007176;63685;Afrikanischer Elefant;4007176636855;43;3;0;1;5.42;10.49
4007176;63686;Schimpansen Junges;4007176636862;43;6;0;1;1.52;2.99
4007176;63687;Tiger weiß;4007176636879;43;6;0;1;2.68;5.99
4007176;63688;Tiger Junges weiß;4007176636886;43;6;0;1;1.52;2.99
4007176;63689;Alligator Junges;4007176636893;43;6;0;1;1.98;3.99
4007176;63690;Alligator;4007176636909;43;6;0;1;3.1;6.99
4007176;63691;Nilpferd;4007176636916;43;6;0;1;4.73;10.99
4007176;63692;Nilpferd Kalb;4007176636923;43;6;0;1;1.98;3.99
4007176;63694;Kleiner Panda;4007176636947;43;6;0;1;1.98;3.99
4007176;63695;Komodowaran;4007176636954;43;6;0;1;3.1;6.99
4007176;63697;Spitzmaulnashorn;4007176636978;43;6;0;1;3.1;6.99
4007176;63698;Kaffernbüffel;4007176636985;43;3;0;1;3.1;6.99
4007176;63699;Silberrücken Gorilla;4007176636992;43;6;0;1;3.1;6.99
4007176;63710;Giraffen Bulle;4007176637104;43;3;0;1;4.73;10.99
4007176;63715;Flamingo;4007176637159;43;6;0;1;1.98;3.99
4007176;63716;Flamingo pink;4007176637166;43;6;0;1;1.98;3.99
4007176;63717;Flamingo rot;4007176637173;43;6;0;1;1.98;3.99
4007176;64359;Feldhase;4007176643594;43;6;0;1;1.52;2.99
4007176;64375;Weinbergschnecke;4007176643754;43;6;0;1;2.33;4.99
4007176;64396;Frischling;4007176643969;43;6;0;1;1.52;2.99
4007176;64401;Igel;4007176644010;43;6;0;1;1.52;2.99
4007176;64422;Hirschkuh;4007176644225;43;6;0;1;2.33;4.99
4007176;64423;Eichhörnchen;4007176644232;43;6;0;1;1.52;2.99
4007176;64433;Rothirsch;4007176644331;43;6;0;1;2.68;5.99
4007176;64436;Rehbock;4007176644362;43;6;0;1;1.98;3.99
4007176;64438;Rehkitz;4007176644386;43;6;0;1;1.52;2.99
4007176;64445;Fuchs;4007176644454;43;6;0;1;1.52;2.99
4007176;64446;Wildschwein;4007176644461;43;6;0;1;1.98;3.99
4007176;64448;Hirsch Kalb;4007176644485;43;6;0;1;1.52;2.99
4007176;64449;Luchs;4007176644492;43;6;0;1;2.33;4.99
4007176;64450;Gämse;4007176644508;43;6;0;1;1.98;3.99
4007176;64453;Erdmännchen;4007176644539;43;6;0;1;1.52;2.99
4007176;64455;Murmeltier;4007176644553;43;6;0;1;1.52;2.99
4007176;64456;Biber;4007176644560;43;6;0;1;1.52;2.99
4007176;64457;Dachs;4007176644577;43;6;0;1;1.98;3.99
4007176;64462;Fischotter;4007176644621;43;6;0;1;1.52;2.99
4007176;64466;Wolf Welpe;4007176644669;43;6;0;1;1.52;2.99
4007176;64467;Wolf heulend;4007176644652;43;6;0;1;2.33;4.99
4007176;64610;Hamster;4007176646106;43;6;0;1;1.52;2.99
4007176;64611;Hase;4007176646113;43;6;0;1;1.52;2.99
4007176;64612;Kaninchen;4007176646120;43;6;0;1;1.52;2.99
4007176;64613;Meerschweinchen;4007176646137;43;6;0;1;1.52;2.99
4007176;65382;Golden Retriever Vinnie;4007176653821;43;6;0;1;2.68;5.99
4007176;65386;Dalmatiner Bingo;4007176653869;43;6;0;1;2.68;5.99
4007176;65424;Beagle Henry;4007176654248;43;6;0;1;1.98;3.99
4007176;65425;Mops Percy;4007176654255;43;6;0;1;1.98;3.99
4007176;65427;Golden Retriever Welpe Sunny;4007176654279;43;6;0;1;1.52;2.99
4007176;65437;Berner Sennenhund Welpe Joy;4007176654378;43;6;0;1;1.52;2.99
4007176;65445;Bernhardiner Ben;4007176654453;43;6;0;1;2.33;4.99
4007176;65446;Labrador Jenny;4007176654460;43;6;0;1;2.33;4.99
4007176;65448;Schäferhund Rex;4007176654484;43;6;0;1;2.33;4.99
4007176;65449;Berner Sennenhund Bianca;4007176654491;43;6;0;1;2.33;4.99
4007176;65452;Französiche Bulldogge Sammy;4007176654521;43;6;0;1;1.52;2.99
4007176;66362;Hauskatze Moritz;4007176663622;43;6;0;1;1.98;3.99
4007176;66363;Kartäuserkatze Minka;4007176663639;43;6;0;1;1.98;3.99
4007176;66365;Perserkatze Princess;4007176663653;43;6;0;1;1.98;3.99
4007176;66370;Hauskatze Kimmy;4007176663707;43;6;0;1;1.98;3.99
4007176;66371;American Shorthair Francis;4007176663714;43;6;0;1;1.98;3.99
4007176;67250;Micro Kugelfisch;4007176672501;43;50;0;1;0.4;1
4007176;67252;Micro Schildkröte;4007176672525;43;50;0;1;0.4;1
4007176;67253;Micro Flusspferd;4007176672532;43;50;0;1;0.4;1
4007176;67255;Micro Pinguin;4007176672556;43;50;0;1;0.4;1
4007176;67257;Micro Krokodil;4007176672570;43;50;0;1;0.4;1
4007176;67258;Micro Lobster;4007176672587;43;50;0;1;0.4;1
4007176;67259;Micro Octopus;4007176672594;43;50;0;1;0.4;1
4007176;67260;Micro Seehund;4007176672600;43;50;0;1;0.4;1
4007176;67261;Micro Eisbär;4007176672617;43;50;0;1;0.4;1
4007176;67262;Micro Delphin;4007176672624;43;50;0;1;0.4;1
4007176;67409;Schwertwal;4007176674093;43;6;0;1;3.1;6.99
4007176;67410;Weißer Hai;4007176674109;43;6;0;1;2.68;5.99
4007176;67411;Blauhai;4007176674116;43;6;0;1;2.68;5.99
4007176;67412;Delphin;4007176674123;43;6;0;1;2.68;5.99
4007176;68389;Skorpion;4007176683897;43;6;0;1;2.33;4.99
4007176;68401;Laubfrosch;4007176684016;43;6;0;1;1.52;2.99
4007176;68430;Wolfsspinne;4007176684306;43;6;0;1;2.68;5.99
4007176;68440;Fledermaus;4007176684405;43;6;0;1;2.33;4.99
4007176;68441;Fledermaus Baby;4007176684412;43;6;0;1;1.52;2.99
4007176;68453;Vogelspinne;4007176684535;43;6;0;1;2.68;5.99
4007176;68454;Sydney-Trichternetzspinne;4007176684542;43;6;0;1;2.68;5.99
4007176;68457;Weißknie Vogelspinne;4007176684573;43;6;0;1;2.33;4.99
4007176;68458;Röhrenspinne;4007176684580;43;6;0;1;1.98;3.99
4007176;68459;Blaue Ornamentvogelspinne;4007176684597;43;6;0;1;2.33;4.99
4007176;68493;Feuersalamander;4007176684931;43;6;0;1;2.68;5.99
4007176;68498;Chamäleon;4007176684986;43;6;0;1;2.68;5.99
4007176;68516;Rotaugenlaubfrosch;4007176685167;43;6;0;1;1.98;3.99
4007176;69351;Weißkopfadler;4007176693513;43;6;0;1;2.68;5.99
4007176;69354;Schnee-Eule;4007176693544;43;6;0;1;1.98;3.99
4007176;69356;Wanderfalke;4007176693568;43;6;0;1;1.98;3.99
4007176;69381;Wellensittich;4007176693810;43;6;0;1;1.98;3.99
4007176;69385;Mäusebussard;4007176693858;43;6;0;1;2.68;5.99
4007176;69388;Tukan;4007176693889;43;6;0;1;2.68;5.99
4007176;69390;Pfau;4007176693902;43;6;0;1;2.68;5.99
4007176;69396;Uhu;4007176693964;43;6;0;1;2.33;4.99
4007176;69397;Braunbär;4007176693971;43;3;0;1;3.78;7.99
4007176;69399;Braunbär Junges;4007176693995;43;6;0;1;1.98;3.99
4007176;75519;Einhorn;4007176755198;43;6;0;1;2.68;5.99
4007176;75540;Fee;4007176755402;43;6;0;1;2.33;4.99
4007176;75541;Phoenix;4007176755419;43;6;0;1;2.68;5.99
4007176;75548;Drachen mit 3 Köpfen orange;4007176755488;43;3;0;1;8.45;16.99
4007176;75570;Einhorn Stute;4007176755709;43;6;0;1;3;5.99
4007176;75571;Einhorn Hengst;4007176755716;43;6;0;1;3.5;6.99
4007176;75572;Einhorn Fohlen;4007176755723;43;6;0;1;3;5.99
4007176;75573;Feuerdrache Ignis;4007176755730;43;3;0;1;8.45;16.99
4007176;75574;Wasserdrache Aquarius;4007176755747;43;3;0;1;8.45;16.99
4007176;75591;Drache fliegend rotbraun;4007176755914;43;6;0;1;3.1;6.99
4007176;75592;Drache fliegend türkis;4007176755921;43;6;0;1;3.1;6.99
4007176;75593;Drache sitzend grün;4007176755938;43;6;0;1;2.68;5.99
4007176;75594;Drache sitzend blau/silber;4007176755945;43;6;0;1;2.68;5.99
4007176;75595;Drache sitzend orange;4007176755952;43;6;0;1;2.68;5.99
4007176;75596;Drache mit 2 Köpfen grün;4007176755969;43;6;0;1;3.1;6.99
4007176;75597;Drache mit 2 Köpfen schwarz;4007176755976;43;6;0;1;3.1;6.99
4007176;75598;Drache mit 2 Köpfen orange;4007176755983;43;6;0;1;3.1;6.99
4007176;75602;Zauberer Elarion;4007176756027;43;6;0;1;2.33;4.99
4007176;75659;Pegasus Hengst;4007176756591;43;3;0;1;4;7.99
4007176;80025;Ritter Sortiment 24 St;4007176800256;43;1;0;1;73.12;0
4007176;80206;Mikro Tiere Sort 240 St;4007176802069;43;1;0;1;96;0
4007176;80764;Schwertkämpfer blau;4007176800256;43;6;0;1;2.68;5.99
4007176;80765;Schwertkämpfer rot;4007176807651;43;6;0;1;2.68;5.99
4007176;80766;Schlachtross blau;4007176807668;43;3;0;1;3.78;7.99
4007176;80767;Schlachtross rot;4007176807675;43;3;0;1;3.78;7.99
4007176;80768;Turnierpferd rot;4007176807682;43;3;0;1;3.78;7.99
4007176;80769;Turnierpferd blau;4007176807699;43;3;0;1;3.78;7.99
4007176;80780;Axtkämpfer blau;4007176807804;43;6;0;1;2.68;5.99
4007176;80781;Bogenschütze blau;4007176807811;43;6;0;1;2.68;5.99
4007176;80782;Turnierritter rot;4007176807828;43;6;0;1;2.68;5.99
4007176;80783;Kreuzritter rot;4007176807835;43;6;0;1;2.68;5.99
4007176;80784;Prinz mit Schwert blau;4007176807842;43;6;0;1;2.68;5.99
4007176;80785;Turnierritter blau;4007176807859;43;6;0;1;2.68;5.99
4007176;80786;Prinz mit Schwert rot;4007176807866;43;6;0;1;2.68;5.99
4007176;80787;Bogenschütze rot;4007176807873;43;6;0;1;2.68;5.99
4007176;80788;Axtkämpfer rot;4007176807880;43;6;0;1;2.68;5.99
4007176;13170;WD Nick Wilde;4007176131701;43;6;0;1;2.68;5.99
4007176;13171;WD Judy Hopps;4007176131718;43;6;0;1;2.33;4.99
4007176;13172;WD Mr. Big;4007176131725;43;6;0;1;2.33;4.99
4007176;13173;WD Chief Bogo;4007176131732;43;3;0;1;3.78;7.99
4007176;13174;WD Flash;4007176131749;43;6;0;1;3.1;6.99
4007176;13175;WD Ele-Finnick;4007176131756;43;6;0;1;2.33;4.99
4007176;13430;WD Elsa OFA Single Pack-Charm;4007176134306;43;6;0;1;4.49;8.99
4007176;13431;WD Anna OFA Single Pack- Char;4007176134313;43;6;0;1;4.49;8.99
4007176;43170;Q Pootle 5;4007176431702;43;6;0;1;2.38;4.99
4007176;43171;Stella;4007176431719;43;6;0;1;2.38;4.99
4007176;43172;Oopsy;4007176431726;43;6;0;1;2.38;4.99
4007176;43173;Groobie;4007176431733;43;6;0;1;2.38;4.99
4007176;43174;Eddi;4007176431740;43;6;0;1;2.38;4.99
4007176;43175;Bud-D;4007176431757;43;6;0;1;2.38;4.99
4007176;43180;Q Pootle 5 Sortiment 24 St;4007176431801;43;1;0;1;57.12;119.76
4007176;43310;Spardose Yakari;4007176433102;43;3;0;1;10.31;20.95
4007176;43500;Spardose Sandmännchen;4007176435007;43;3;0;1;8.45;16.99
4007176;62102;Spardose Schaf;4007176621028;43;3;0;1;6.66;12.99
4007176;90004;LEGO DC Batman;4041268219038;43;6;0;1;6.61;11.95
4007176;90005;LEGO DC Harley Quinn;4041268202672;43;6;0;1;6.61;11.95
4007176;90006;LEGO DC The Joker;4041268204799;43;6;0;1;6.61;11.95
4007176;90007;LEGO Super Heroes Batman;4041268401167;43;4;0;1;16.3;29.99
4007176;90008;LEGO DC Superman;4041268219007;43;6;0;1;6.61;11.95
4007176;90012;LEGO Nexo Knights Aaron;4041268312524;43;6;0;1;8.35;14.99
4007176;90013;LEGO Nexo Knights Clay;4041268312517;43;6;0;1;8.35;14.99
4007176;90016;LEGO Ninjago Jay;4041268402607;43;6;0;1;6.61;11.95
4007176;90017;LEGO Ninjago Kai;4041268402638;43;6;0;1;6.61;11.95
4007176;90018;LEGO Ninjago Lloyd;4041268402669;43;6;0;1;6.61;11.95
4007176;90019;LEGO Ninjago Wandlicht Jay;4041268402973;43;3;0;1;11.7;19.99
4007176;90020;LEGO Ninjago Wandlicht Kai;4041268403000;43;3;0;1;11.7;19.99
4007176;90022;LEGO Star Wars Admiral Ackbar;4041268202795;43;6;0;1;6.61;11.95
4007176;90024;LEGO Star Wars Boba Fett;4041268290228;43;6;0;1;6.61;11.95
4007176;90025;LEGO Star Wars C3PO;4041268290211;43;6;0;1;6.61;11.95
4007176;90027;LEGO Star Wars Chewbacca;4041268202696;43;6;0;1;6.61;11.95
4007176;90028;LEGO Star Wars Darth Vader;4041268290150;43;6;0;1;6.61;11.95
4007176;90029;LEGO Star Wars Darth Vader;4041268401075;43;4;0;1;16.3;29.99
4007176;90032;LEGO Star Wars R2D2;4041268290181;43;6;0;1;6.61;11.95
4007176;90034;LEGO Star Wars Stormtropper;4041268312623;43;6;0;1;6.61;11.95
4007176;90036;LEGO Star Wars Yoda;4041268290167;43;6;0;1;6.61;11.95
4007176;90062;LEGO Star Wars BB-8;4041268312630;43;6;0;1;9.12;17.99
4007176;90063;LEGO Batman Movie Bunny;4895028518011;43;6;0;1;6.76;12.99
4007176;90064;LEGO Batman Movie Glam;4895028518035;43;6;0;1;6.76;12.99
4007176;90065;LEGO Batman Movie Kimino;4895028518028;43;6;0;1;6.76;12.99
4007176;90066;LEGO Batman Movie Batgirl;4895028513559;43;6;0;1;6.76;12.99
4007176;90078;LEGO Ninjago Movie Jay;4895028519117;43;6;0;1;6.76;12.99
4007176;90079;LEGO Ninjago Movie Robin;4895028513580;43;6;0;1;6.76;12.99
4007176;90080;LEGO SW Prinzessin Lea;4895028519315;43;6;0;1;6.76;12.99
4007176;90081;LEGO Star Wars BB- 9E;4895028519780;43;6;0;1;9.12;17.99
4007176;90082;LEGO Star Wars Tie Pilot;4895028519797;43;6;0;1;6.76;12.99
4007176;90300;LEGO Gelschreiber 9 er Set;4041268399068;65;6;0;1;12.6;24.99
4007176;90301;LEGO Fasermaler 9 er Set;4895028514921;65;6;0;1;10.1;19.99
4007176;90303;LEGO Anspitzer 2 er Pack;4895028514969;65;12;0;1;2.58;4.99
4007176;90305;LEGO Lineal;4895028514983;65;6;0;1;7.6;14.99
4007176;90306;LEGO Gelschreiber blau 2 er P;4895028515034;65;12;0;1;5.2;9.99
4007176;90307;LEGO Bleistifte 9-er Set;4895028515041;65;6;0;1;5.1;9.99
4007176;90308;LEGO Gelschreiber schwarz 2 S;4895028515058;65;12;0;1;5.2;9.99
4007176;90310;LEGO Gelschreiber 3 er Set;4895028515133;65;12;0;1;6.6;12.99
4007176;90311;LEGO Buntstifte 9er Set;4895028515157;65;6;0;1;6.6;12.99
4007176;90312;LEGO Organizer Box;4895028515010;65;4;0;1;19.28;34.99
4007176;90313;LEGO Radierer 2erPack;4895028515195;65;12;0;1;2.58;4.99
4007176;90314;LEGO Stifte-Box blau;4895028515201;65;6;0;1;5.18;9.99
4007176;90315;LEGO LEGO Stifte-Box rot;4895028515218;65;6;0;1;5.18;9.99
4007176;90316;LEGO Notizbuch m.Lesezeichen;4895028515232;65;4;0;1;10.1;19.99
4007176;90317;LEGO Notizbuch m.Lesezeichen;4895028515256;65;4;0;1;10.1;19.99
4007176;90318;LEGO Skizzenbuch Rot;4895028516666;65;6;0;1;9.05;17.99
4007176;90319;LEGO Skizzenbuch Grau;4895028516680;65;6;0;1;9.05;17.99
4007176;90320;LEGO Notizbuch Rot mit;4895028515362;65;6;0;1;10.06;19.99
4007176;90321;LEGO Notizbuch Grau mit;4895028515379;65;6;0;1;10.06;19.99
4007176;90322;LEGO Gelschreiber 3er Set;4895028518615;65;12;0;1;6.6;12.99
4007176;90350;LEGO Friends Ringbuch;4007176903506;65;6;0;1;4.14;7.99
4007176;90352;LEGO Friends Notizbuch;4895028516055;65;12;0;1;4.68;8.99
4007176;90358;LEGO NEXO Knights Notizbuch;4895028515577;65;12;0;1;4.68;8.99
4007176;90366;LEGO Ninjago Ringbuch;4895028516635;65;6;0;1;4.14;7.99
4007176;90367;LEGO Ninjago Notizbuch;4895028516291;65;12;0;1;4.68;8.99
4007176;90392;LEGO Friends Radiergummi;4895028516086;65;24;0;1;2.07;3.99
4007176;90394;LEGO Ninjago Radiergummi;4895028516321;65;24;0;1;2.07;3.99
4007176;90397;LEGO Ninjago Movie Schreibw.;4007176903971;65;6;0;1;10.36;19.99
4007176;90401;LEGO Bleistifte 6er;4895028511401;65;12;0;1;2.58;4.99
4007176;90402;LEGO Iconic Buntstifte;4895028511760;65;12;0;1;2.58;4.99
4007176;90403;LEGO Iconic Sticker Bogen;4895028511630;65;12;0;1;2.58;4.99
4007176;90404;LEGO Iconic Mini-Spiralbuch;4895028511449;65;6;0;1;2.58;4.99
4007176;90405;LEGO Iconic Radierer 3er Pack;4895028511586;65;24;0;1;2.07;3.99
4007176;90406;LEGO Iconic Schreibwarenset;4007176904060;65;6;0;1;11.97;22.99
4007176;90407;LEGO Iconic Notizbuch;4895028511593;65;6;0;1;5.2;9.99
4007176;90408;LEGO Iconic Pencil with toppe;4895028511418;65;12;0;1;2.58;4.99
4007176;90409;LEGO Iconic Eraser 3 er Pack;4895028511425;65;12;0;1;2.58;4.99
4007176;90410;LEGO Iconic Stationary Set;4895028511654;65;12;0;1;3.09;5.99
4007176;90600;Sandastic Set WD Minnie;4041268398061;72;6;0;1;6.8;14.99
4007176;90601;Sandastic Set WD Cars;4041268317086;72;6;0;1;6.8;14.99
4007176;90602;Sandastic Set WD Mickey;4041268317093;72;6;0;1;6.8;14.99
4007176;90603;Sandastic Set WD Arielle;4041268317109;72;6;0;1;6.8;14.99
4007176;12436;WD Dumbo stehend;4007176124369;43;6;0;1;2.38;4.99
4007176;41620;Spardose Pilzhaus;4007176416204;43;3;0;1;11.05;21.99
4007176;44055;Kokosnuss Feriencamp;4007176440551;43;6;0;1;2.38;4.99
4007176;44056;Wokki;4007176440568;43;6;0;1;2.38;4.99
4007176;44415;Pummelfee Keks Schlüsselanhän;4007176444153;43;5;0;1;2.38;4.99
4007176;44416;Pummel mit Herz Schlüsselanhä;4007176444160;43;5;0;1;2.38;4.99
4007176;44417;Pummel-Schutzengel Schlüssela;4007176444177;43;5;0;1;2.38;4.99
4007176;44430;Bisu Single Pack;4007176444306;43;6;0;1;3.78;7.99
4007176;44431;Kuri Single Pack;4007176444313;43;6;0;1;3.78;7.99
4007176;44433;Purricorn Single Pack;4007176444337;43;6;0;1;3.78;7.99
4007176;44435;Zonbie-Teddy Single Pack;4007176444351;43;6;0;1;3.78;7.99
4007176;45400;Fuchs Finjo;4007176454008;43;6;0;1;4.49;8.99
4007176;45401;Bär Tommsy;4007176454015;43;6;0;1;4.49;8.99
4007176;45402;Schaf Wulli;4007176454022;43;6;0;1;4.49;8.99
4007176;45403;Katze Kimsi;4007176454039;43;6;0;1;4.49;8.99
4007176;45421;Die Schlafmützen Geschenk-Set;4007176454213;43;6;0;1;8.48;16.99
4007176;45422;Die Schlafmützen Geschenk-Set;4007176454220;43;6;0;1;8.48;16.99
4007176;62278;Micro Kätzchen sitzend grau;4007176622780;43;50;0;1;0.4;1
4007176;62279;Micro Kätzchen liegend grau;4007176622797;43;50;0;1;0.4;1
4007176;64368;Micro Frosch grün;4007176643686;43;5;0;1;0.4;1
4007176;66373;Wildkatze;4007176663738;43;6;0;1;1.98;3.99
4007176;90604;Aqua Gear Hydro Charger;4007176906040;43;6;0;1;9.1;19.99
4007176;90605;Aqua Gear Splash Shield;4007176906057;43;6;0;1;14.6;29.99
