Artikelnummer;EAN Code;Bezeichnung;St. In VE;Info;Netto;UVP;Warengruppe;Rabattgruppe;MWS;
13734;4005086137349;Shire Hengst;5;;5.25;8.99;43;1;1;
13735;4005086137356;Shire Stute;5;;5.25;8.99;43;1;1;
13743;4005086137431;Schaf;5;;2.78;4.99;43;1;1;
13744;4005086137448;Schaefchen;5;;2.20;3.99;43;1;1;
13746;4005086137462;Esel Fohlen;5;;2.20;3.99;43;1;1;
13749;4005086137493;Friese Stute;5;;4.32;7.99;43;1;1;
13756;4005086137561;Trakehner Hengst;5;;4.32;7.99;43;1;1;
13757;4005086137578;Trakehner Stute;5;;4.32;7.99;43;1;1;
13758;4005086137585;Trakehner Fohlen;5;;2.78;4.99;43;1;1;
13760;4005086137608;Knabstrupper Fohlen;5;;2.78;4.99;43;1;1;
13761;4005086137615;Araber Stute;5;;4.32;7.99;43;1;1;
13762;4005086137622;Araber Fohlen;5;;2.78;4.99;43;1;1;
13769;4005086137691;Knabstrupper Stute;5;;4.32;7.99;43;1;1;
13770;4005086137707;Katze, stehend;5;;2.20;3.99;43;1;1;
13771;4005086137714;Katze, sitzend;5;;2.20;3.99;43;1;1;
13772;4005086137721;Esel;5;;3.38;5.99;43;1;1;
13773;4055744027871;Tinker Stute;5;;4.32;7.99;43;1;1;
13774;4055744027864;Tinker Fohlen;5;;2.78;4.99;43;1;1;
13782;4005086137820;Schwein;5;;2.78;4.99;43;1;1;
13783;4005086137837;Ferkel, stehend;5;;2.20;3.99;43;1;1;
13790;4005086137905;Island Pony Stute;5;;3.38;5.99;43;1;1;
13792;4005086137929;Friese Hengst;5;;4.32;7.99;43;1;1;
13793;4005086137936;Andalusier Stute;5;;4.32;7.99;43;1;1;
13794;4005086137943;Pinto Hengst;5;;4.32;7.99;43;1;1;
13796;4005086137967;Bulle Schwarzbunt;5;;4.32;7.99;43;1;1;
13797;4005086137974;Kuh Schwarzbunt;5;;4.32;7.99;43;1;1;
13798;4005086137981;Kalb Schwarzbunt;5;;2.78;4.99;43;1;1;
13799;4005086137998;Gans;5;;2.20;3.99;43;1;1;
13800;4005086138001;Fleckvieh-Bulle;5;;4.32;7.99;43;1;1;
13801;4005086138018;Fleckvieh-Kuh;5;;4.32;7.99;43;1;1;
13802;4005086138025;Fleckvieh-Kalb;5;;2.78;4.99;43;1;1;
13803;4005086138032;Pinto Fohlen;5;;2.78;4.99;43;1;1;
13804;4005086138049;Tennessee Walker Fohl.;5;;2.78;4.99;43;1;1;
13805;4005086138056;Mustang Hengst;5;;4.32;7.99;43;1;1;
13806;4005086138063;Mustang Stute;5;;4.32;7.99;43;1;1;
13807;4005086138070;Mustang Fohlen;5;;2.78;4.99;43;1;1;
13808;4005086138087;Clydesdale Wallach;5;;5.25;8.99;43;1;1;
13809;4005086138094;Clydesdale Stute;5;;5.25;8.99;43;1;1;
13810;4005086138100;Clydesdale Fohlen;5;;2.78;4.99;43;1;1;
13811;4005086138117;Araber Hengst;5;;4.32;7.99;43;1;1;
13812;4055744007095;Haflinger Stute;5;;4.32;7.99;43;1;1;
13813;4055744007118;Haflinger Hengst;5;;4.32;7.99;43;1;1;
13814;4055744007132;Haflinger Fohlen;5;;2.78;4.99;43;1;1;
13815;4055744007156;Island Pony Hengst;5;;3.38;5.99;43;1;1;
13817;4055744011740;Hannoveraner Stute;5;;4.32;7.99;43;1;1;
13818;4055744011757;Hannoveraner Fohlen;5;;2.78;4.99;43;1;1;
13819;4055744012358;Lipizzaner Stute;5;;4.32;7.99;43;1;1;
13820;4055744012365;Lipizzaner Fohlen;5;;2.78;4.99;43;1;1;
13821;4055744012372;Andalusier Hengst;5;;4.32;7.99;43;1;1;
13822;4055744012389;Andalusier Fohlen;5;;2.78;4.99;43;1;1;
13823;4055744012440;Ente;5;;2.20;3.99;43;1;1;
13824;4055744012457;Erpel;5;;2.20;3.99;43;1;1;
13825;4055744012464;Hahn;5;;2.20;3.99;43;1;1;
13826;4055744012471;Henne;5;;2.20;3.99;43;1;1;
13827;4055744012488;Kaninchen;5;;2.20;3.99;43;1;1;
13828;4055744012495;Ziege;5;;2.78;4.99;43;1;1;
13829;4055744012501;Zicklein;5;;2.20;3.99;43;1;1;
13830;4055744012518;Pinto Stute;5;;4.32;7.99;43;1;1;
13831;4055744012525;Tinker Hengst;5;;4.32;7.99;43;1;1;
13832;4055744012532;Tennessee Walk.Wallach;5;;4.32;7.99;43;1;1;
13833;4055744012549;Tennessee Walker Stute;5;;4.32;7.99;43;1;1;
13834;4055744012556;Labrador Retriev.Huend;5;;2.78;4.99;43;1;1;
13835;4055744012563;Labrador Retriev.Welpe;5;;2.20;3.99;43;1;1;
13836;4055744012570;Katze;5;;2.20;3.99;43;1;1;
13837;4055744011764;Hannoveraner Wallach;5;;4.32;7.99;43;1;1;
13838;4055744013751;Araberpinto Stute;5;;4.32;7.99;43;1;1;
13839;4055744013768;Araber Pinto Fohlen;5;;2.78;4.99;43;1;1;
13840;4055744013775;Araberpinto Hengst;5;;4.32;7.99;43;1;1;
14525;4005086145252;Tyrannosaurus Rex;1;;11.25;19.99;43;1;1;
14531;4005086145313;Pentaceratops;1;;7.45;12.99;43;1;1;
14542;4005086145429;Spinosaurus, violett;1;;11.25;19.99;43;1;1;
14543;4005086145436;Giganotosaurus, orange;1;;11.25;19.99;43;1;1;
14567;4005086145672;Dilophosaurus;1;;7.45;12.99;43;1;1;
14568;4055744007163;Stegosaurus;1;;7.45;12.99;43;1;1;
14569;4005086145696;Dimetrodon;1;;5.70;9.99;43;1;1;
14574;4055744007170;Barapasaurus;1;;11.25;19.99;43;1;1;
14575;4005086145757;Dunkleosteus;1;;8.35;14.99;43;1;1;
14576;4055744007194;Herrerasaurus;1;;8.35;14.99;43;1;1;
14580;4055744011610;Allosaurus;1;;8.35;14.99;43;1;1;
14581;4055744011603;Brachiosaurus;1;;11.25;19.99;43;1;1;
14582;4055744011627;Utahraptor;1;;5.70;9.99;43;1;1;
14583;4055744013706;Kentrosaurus;1;;7.45;12.99;43;1;1;
14584;4055744013713;Acrocanthosaurus;1;;10.20;17.99;43;1;1;
14601;4005086146013;Riesenschildkroete;5;;2.78;4.99;43;1;1;
14671;4005086146716;Schnee-Eule;5;;3.38;5.99;43;1;1;
14685;4005086146853;Grizzlybaer;5;;4.32;7.99;43;1;1;
14686;4005086146860;Grizzlybaerin;5;;4.32;7.99;43;1;1;
14708;4005086147089;Eisbaerjunges, laufend;5;;2.20;3.99;43;1;1;
14709;4005086147096;Weisswedelhirsch;5;;3.38;5.99;43;1;1;
14710;4005086147102;Weisswedelkuh;5;;2.78;4.99;43;1;1;
14711;4005086147119;Weisswedelkalb;5;;2.20;3.99;43;1;1;
14712;4005086147126;Loewin;5;;3.38;5.99;43;1;1;
14713;4005086147133;Igel;5;;2.20;3.99;43;1;1;
14714;4005086147140;Bison;5;;4.32;7.99;43;1;1;
14726;4005086147263;Loewe, bruellend;5;;3.38;5.99;43;1;1;
14727;4005086147270;Alligator;5;;4.32;7.99;43;1;1;
14729;4005086147294;Tiger;5;;4.32;7.99;43;1;1;
14730;4005086147300;Tigerjunges;5;;2.78;4.99;43;1;1;
14731;4005086147317;Tiger, weiss;5;;4.32;7.99;43;1;1;
14732;4005086147324;Tigerjunges, weiss;5;;2.78;4.99;43;1;1;
14733;4005086147331;Kobra;5;;2.78;4.99;43;1;1;
14734;4005086147348;Panda Junges, spielend;5;;2.20;3.99;43;1;1;
14735;4005086147355;Hyaene;5;;3.38;5.99;43;1;1;
14736;4005086147362;Krokodil;5;;4.32;7.99;43;1;1;
14737;4005086147379;Ara;5;;3.38;5.99;43;1;1;
14738;4005086147386;Uhu;5;;3.38;5.99;43;1;1;
14739;4005086147393;Boa Constrictor;5;;2.78;4.99;43;1;1;
14740;4005086147409;Klapperschlange;5;;2.78;4.99;43;1;1;
14741;4005086147416;Wolf;5;;2.78;4.99;43;1;1;
14742;4055744027857;Arktischer Wolf;5;;3.38;5.99;43;1;1;
14744;4005086147447;Strauss;5;;2.78;4.99;43;1;1;
14746;4005086147461;Gepardin;5;;3.38;5.99;43;1;1;
14747;4005086147478;Gepardenbaby;5;;2.20;3.99;43;1;1;
14748;4055744007200;Leopard;5;;3.38;5.99;43;1;1;
14749;4005086147492;Giraffenbulle;5;;4.32;7.99;43;1;1;
14750;4005086147508;Giraffenkuh;5;;4.32;7.99;43;1;1;
14751;4005086147515;Giraffenbaby;5;;2.78;4.99;43;1;1;
14752;4005086147522;Pelikan;5;;3.38;5.99;43;1;1;
14753;4005086147539;AsiatischeElefantenkuh;5;;5.25;8.99;43;1;1;
14754;4005086147546;AsiatischerElefantenb.;5;;5.25;8.99;43;1;1;
14755;4005086147553;Asiat. Elefantenbaby;5;;2.78;4.99;43;1;1;
14756;4005086147560;Kaenguru;5;;3.38;5.99;43;1;1;
14757;4055744007316;Riesenschuppentier;5;;2.78;4.99;43;1;1;
14759;4055744007330;Oryxantilope;5;;4.32;7.99;43;1;1;
14761;4005086147614;Afrikan. Elefantenkuh;5;;5.25;8.99;43;1;1;
14762;4005086147621;Afrikan.Elefantenbulle;5;;5.25;8.99;43;1;1;
14763;4005086147638;Afrikan. Elefantenbaby;5;;2.78;4.99;43;1;1;
14764;4005086147645;Pottwal;1;;5.70;9.99;43;1;1;
14765;4005086147652;Tigerhai;5;;3.38;5.99;43;1;1;
14768;4005086147683;Krake;5;;4.32;7.99;43;1;1;
14769;4055744012617;Jaguar;5;;3.38;5.99;43;1;1;
14770;4055744012624;Gorilla Maennchen;5;;4.32;7.99;43;1;1;
14771;4055744012631;Gorilla Weibchen;5;;4.32;7.99;43;1;1;
14772;4055744012648;Grosser Panda;5;;3.38;5.99;43;1;1;
14773;4055744012655;Grosse Pandabaerin;5;;3.38;5.99;43;1;1;
14774;4055744012662;Schwarzer Panther;5;;3.38;5.99;43;1;1;
14775;4055744012679;Orang-Utan Weibchen;5;;4.32;7.99;43;1;1;
14776;4055744012686;Orang-Utan Junges;5;;2.20;3.99;43;1;1;
14777;4055744012693;Tukan;5;;2.78;4.99;43;1;1;
14778;4055744012709;Grosse Anakonda;5;;2.78;4.99;43;1;1;
14779;4055744012716;Lippenbaer;5;;4.32;7.99;43;1;1;
14780;4055744012730;Weisskopfseeadler;5;;3.38;5.99;43;1;1;
14781;4055744012747;Elch Bulle;5;;4.32;7.99;43;1;1;
14782;4055744012754;Fuchs;5;;2.78;4.99;43;1;1;
14783;4055744012761;Wildschwein;5;;2.78;4.99;43;1;1;
14793;4055744011023;Faultier;5;;2.78;4.99;43;1;1;
16395;4005086163959;Golden Retriev.Huendin;5;;2.78;4.99;43;1;1;
16396;4005086163966;Golden Retriever Welpe;5;;2.20;3.99;43;1;1;
16397;4005086163973;Berner Sennenhuendin;5;;2.78;4.99;43;1;1;
16831;4005086168312;Schaeferhund;5;;2.78;4.99;43;1;1;
16832;4005086168329;Schaeferhund Welpe;5;;2.20;3.99;43;1;1;
16835;4005086168350;Husky;5;;2.78;4.99;43;1;1;
16838;4055744007323;Dalmatiner Ruede;5;;2.78;4.99;43;1;1;
16839;4055744007347;Dalmatiner Welpe;5;;2.20;3.99;43;1;1;
16840;4055744007354;Border-Collie;5;;2.78;4.99;43;1;1;
20794;4055744012143;SchutzengelSchlumpfine;5;;2.50;4.49;43;1;1;
20795;4055744012150;Schlumpf + Schluessel;5;;2.50;4.49;43;1;1;
20796;4055744012167;Braeutigam Schlumpf;5;;2.50;4.49;43;1;1;
20797;4055744012174;Schlumpf mit Kleeblatt;5;;2.50;4.49;43;1;1;
20798;4055744012181;Schlumpf+Blumenstrauss;5;;2.50;4.49;43;1;1;
20799;4055744012198;Braut Schlumpfine;5;;2.50;4.49;43;1;1;
20803;4055744012242;Schlumpf Haus +2 Fig.;1;;21.00;34.99;43;1;1;
20917;4055744012204;30 Schluempfe,Anlaesse;1;;75.00;134.70;43;1;1;
21501;4055744010361;Iron Man;3;;7.65;12.99;43;1;1;
21502;4055744012006;Spider-Man;3;;7.65;12.99;43;1;1;
21503;4055744012013;Captain America;3;;7.65;12.99;43;1;1;
21504;4055744012020;Hulk;3;;12.10;19.99;43;1;1;
21505;4055744012037;Black Widow;3;;7.65;12.99;43;1;1;
21506;4055744012051;Venom;3;;7.65;12.99;43;1;1;
21507;4055744012068;Falcon;3;;7.65;12.99;43;1;1;
21508;4055744010378;Green Goblin;3;;7.65;12.99;43;1;1;
21509;4055744012044;Dr. Strange;3;;7.65;12.99;43;1;1;
21510;4055744010385;Thor;3;;7.65;12.99;43;1;1;
22074;4055744013928;32 Peanuts, Sports Fun;1;;80.00;143.68;43;1;1;
22075;4055744013935;Gewichtheber Snoopy;5;;2.50;4.49;43;1;1;
22076;4055744013942;Skateboard.CharlieBrow;5;;2.50;4.49;43;1;1;
22077;4055744013959;Golfer Snoopy;5;;2.50;4.49;43;1;1;
22078;4055744013966;FussballerCharlieBrown;5;;2.50;4.49;43;1;1;
22079;4055744013973;Tennisspieler Snoopy;5;;2.50;4.49;43;1;1;
22552;4055744011955;CATWOMAN;3;;5.88;9.99;43;1;1;
22553;4055744011962;HAWKMAN;3;;5.88;9.99;43;1;1;
22554;4055744011979;Shazam;3;;5.88;9.99;43;1;1;
22557;4055744011986;Wonder Woman;3;;5.88;9.99;43;1;1;
22559;4055744010392;JL Movie: Batman;3;;5.88;9.99;43;1;1;
22560;4055744010408;JL Movie: Aquaman;3;;5.88;9.99;43;1;1;
22565;4055744010415;JL Movie: Flash;3;;5.88;9.99;43;1;1;
22566;4055744010422;JL Movie: Cyborg;3;;5.88;9.99;43;1;1;
27000;4055744012075;Maja, stehend;5;;2.50;4.49;43;1;1;
27001;4055744012082;Maja, liegend;5;;2.50;4.49;43;1;1;
27002;4055744012099;Willi, stehend;5;;2.50;4.49;43;1;1;
27003;4055744012105;Willi, sitzend;5;;2.50;4.49;43;1;1;
27004;4055744012112;Flip;5;;2.50;4.49;43;1;1;
27005;4055744012129;Ben;5;;2.50;4.49;43;1;1;
27006;4055744012136;32 Die Biene Maja,sort;1;;80.00;143.68;43;1;1;
27007;4055744013874;Maja +Weihnachtsmuetze;5;;2.50;4.49;43;1;1;
27008;4055744013881;Maja+Weihnachtsstiefel;5;;2.50;4.49;43;1;1;
27009;4055744013898;Willi mit Schal;5;;2.50;4.49;43;1;1;
27010;4055744013904;Willi mit Geschenk;5;;2.50;4.49;43;1;1;
27011;4055744013911;32 DieBieneMaja Weihn.;1;;80.00;143.68;43;1;1;
41416;4005086414167;Saddle bronc rid.+Cowb;3;;8.70;14.99;43;1;1;
41417;4005086414174;Barrel racing +Cowgirl;3;;12.10;21.99;43;1;1;
41418;4005086414181;Team roping mit Cowboy;3;;14.80;24.99;43;1;1;
41419;4005086414198;Bull riding mit Cowboy;1;;14.80;24.99;43;1;1;
41420;4005086414204;Weidezaun;1;;5.88;9.99;43;1;1;
41421;4005086414211;Heuraufe;1;;5.88;9.99;43;1;1;
41425;4005086414259;Dimorphod.+Therizinos.;3;;8.70;14.99;43;1;1;
41426;4005086414266;Saichania+Giganotos.kl;3;;8.70;14.99;43;1;1;
41428;4055744005664;Kuhfamilie auf d.Weide;1;;21.00;34.99;43;1;1;
41429;4055744005688;Futtersilo mit Tieren;1;;21.00;34.99;43;1;1;
41432;4005086414327;Mini Shetty Familie;3;;8.70;14.99;43;1;1;
41447;4005086414471;Araber Stute mit Decke;5;;5.88;9.99;43;1;1;
41452;4055744012259;Sternenbegleiter+Futte;5;;5.88;9.99;43;1;1;
41455;4055744011634;Spinosaurus +T-Rex,kl.;3;;8.70;14.99;43;1;1;
41456;4055744012778;Waldbewohner Nordam.;3;;10.20;17.99;43;1;1;
41457;4055744012785;Waldtierbabies;5;;7.10;11.99;43;1;1;
41458;4055744012792;Waldbewohner Europas;3;;8.70;14.99;43;1;1;
41459;4055744012808;Gebirgstiere;3;;10.20;17.99;43;1;1;
41460;4055744011665;Koenigl. Muschelkutsch;1;;21.00;34.99;43;1;1;
42104;4005086421042;#NV;1;;12.10;21.99;43;1;1;
42105;4005086421059;Futterset;1;;5.88;9.99;43;1;1;
42118;4005086421189;Decke + Halfter;6;;1.68;2.99;43;1;1;
42167;4005086421677;Fliegendecke + Halfter;6;;1.68;2.99;43;1;1;
42195;4055744005701;Pferdestall+Pferde+Zub;2;;64.00;99.99;43;1;1;
42216;4005086422162;T-Rex+Velociraptor,kl.;3;;8.70;14.99;43;1;1;
42217;4005086422179;Tricerat.+Therizinos.k;3;;8.70;14.99;43;1;1;
42255;4005086422551;Wasserlauf;1;;7.65;12.99;43;1;1;
42257;4005086422575;Wasserfall;1;;14.80;24.99;43;1;1;
42258;4005086422582;Wasserstelle;1;;46.00;69.99;43;1;1;
42271;4005086422711;Springparcours;1;;12.10;21.99;43;1;1;
42283;4005086422834;Pflegeset;6;;1.40;2.49;43;1;1;
42286;4005086422865;Decke & Halfter;6;;1.68;2.99;43;1;1;
42289;4055744005725;Futter f.Schweine+Ferk;6;;1.40;2.49;43;1;1;
42290;4055744005749;Stallpfl. a.d.Bauernh.;6;;2.24;3.99;43;1;1;
42291;4055744005763;Futter f.Kuh+Kaelbchen;6;;2.24;3.99;43;1;1;
42292;4055744005787;Mini-Schwein + Aepfeln;6;;2.82;4.99;43;1;1;
42293;4055744005800;Futter f. Hunde+Katzen;6;;1.68;2.99;43;1;1;
42294;4055744005824;Mini-Schwein+Flaesch.;6;;2.82;4.99;43;1;1;
42301;4055744005848;Fuetterung Bauernhoft.;1;;5.88;9.99;43;1;1;
42305;4055744005640;Riesenvulkan mit T-Rex;1;;64.00;99.99;43;1;1;
42321;4055744005930;Gr. Abenteuer-Wasserst;1;;64.00;99.99;43;1;1;
42322;4055744005954;Nest d.schwarzen Mamba;6;;2.82;4.99;43;1;1;
42323;4055744005978;Wuestenrennm.im Verst.;6;;2.24;3.99;43;1;1;
42324;4055744005992;Chamaeleon im Schilf;6;;2.82;4.99;43;1;1;
42325;4055744006012;Skorpionhoehle;6;;2.24;3.99;43;1;1;
42333;4055744005862;Gr.Bauernhof+Tiere+Zub;2;;64.00;99.99;43;1;1;
42338;4055744005572;Gr.Reitturnier +Pferde;2;;46.00;69.99;43;1;1;
42344;4055744005602;Reiterh.+Reit.+Pferde;2;;64.00;99.99;43;1;1;
42346;4055744005626;Pick-up mit Pferdeanh.;1;;31.00;49.99;42;1;1;
42347;4055744011641;Gefiederte Raptoren;1;;8.70;14.99;43;1;1;
42348;4055744013720;Gr.Schaedelfalle+Veloc;1;;21.00;34.99;43;1;1;
42350;4055744014079;Dschungel Forschungsst;1;;64.00;99.99;43;1;1;
42351;4055744013980;Quad+Anhaenger +Ranger;1;;18.60;29.99;42;1;1;
42352;4055744013997;Schlauchboot + Ranger;1;;12.10;21.99;43;1;1;
42353;4055744014000;Tieraerztin im Einsatz;3;;8.70;14.99;43;1;1;
42354;4055744014017;Ranger Werkzeug;6;;1.40;2.49;43;1;1;
42355;4055744014024;Ranger Technik;6;;1.68;2.99;43;1;1;
42356;4055744014031;StationswaechterEquipm;6;;2.24;3.99;43;1;1;
42357;4055744014048;Bootsausruestung;6;;2.82;4.99;43;1;1;
42360;4055744012402;Engl.Vollblut + Decke;5;;5.88;9.99;43;1;1;
42361;4055744031298;Fohlen mit Decke;5;;5.88;9.99;43;1;1;
42364;4055744013782;Stallapotheke;6;;1.68;2.99;43;1;1;
42365;4055744013799;Decke + Halfter;6;;1.68;2.99;43;1;1;
42366;4055744013805;Pferdepflege;6;;1.40;2.49;43;1;1;
42367;4055744013812;Fohlenpflege;6;;2.24;3.99;43;1;1;
42368;4055744011672;Pferdebox+LusitanoStut;1;;12.10;21.99;43;1;1;
42369;4055744013836;Pferdeb.+Araber+Pf.pfl;1;;21.00;34.99;43;1;1;
42370;4055744013850;Mob.Tieraerztin+Hannov;1;;24.80;39.99;42;1;1;
42375;4055744012594;Bauer mit Ziege;5;;5.88;9.99;43;1;1;
42376;4055744012600;Hundehuette;1;;12.10;19.99;43;1;1;
42377;4055744010330;Heufoerderband + Bauer;1;;12.10;21.99;42;1;1;
42379;4055744010347;Traktor mit Anhaenger;1;;31.00;49.99;42;1;1;
42385;4055744012587;Farm World Starter-Set;3;;12.10;19.99;43;1;1;
42386;4055744013737;Farm Word Tier-Mix;3;;10.20;17.99;43;1;1;
42387;4055744012723;Wild Life Starter-Set;3;;12.10;19.99;43;1;1;
42388;4055744014062;Wild Life Tier-Mix;3;;10.20;17.99;43;1;1;
42389;4055744013843;Reitsch.+ReiterI.+Pf.;1;;38.00;59.99;43;1;1;
70501;4005086705012;Lilienzarte Elfe,reit;3;;8.70;14.99;43;1;1;
70518;4005086705180;Larinya;3;;8.70;14.99;43;1;1;
70522;4055744005398;Pegasus;3;;8.70;14.99;43;1;1;
70523;4005086705234;Regenbogeneinh.,Hengst;3;;8.70;14.99;43;1;1;
70524;4005086705241;Regenbogeneinhorn,Stut;3;;8.70;14.99;43;1;1;
70525;4005086705258;Regenbogeneinhorn,Fohl;3;;4.65;7.99;43;1;1;
70527;4005086705272;Eyelas Koenigsfohlen;5;;2.78;4.99;43;1;1;
70529;4005086705296;Surahs Federfohlen;5;;2.78;4.99;43;1;1;
70537;4055744005473;Lunaja;3;;8.70;14.99;43;1;1;
70538;4055744005497;Nalenja;3;;8.70;14.99;43;1;1;
70540;4055744005534;Denaja;3;;8.70;14.99;43;1;1;
70543;4055744012273;Pegasus Fohlen;3;;4.65;7.99;43;1;1;
70549;4055744012327;Femajas Schmetterl.foh;5;;2.78;4.99;43;1;1;
70550;4055744012334;Venujas Perlenfohlen;5;;2.78;4.99;43;1;1;
70552;4055744013669;Annabelle;3;;4.65;7.99;43;1;1;
70555;4055744013676;Michelle;5;;7.65;12.99;43;1;1;
70557;4055744013683;Isabelle;3;;8.70;14.99;43;1;1;
70558;4055744013690;Gabriella;3;;8.70;14.99;43;1;1;
13852;4055744026331;Quarter Horse Stute;5;N;4.32;7.99;43;1;1;
13853;4055744026348;Quarter Horse Hengst;5;N;4.32;7.99;43;1;1;
13854;4055744026355;Quarter Horse Fohlen;5;N;2.78;4.99;43;1;1;
13855;4055744021305;EnglischVollblut Stute;5;N;4.32;7.99;43;1;1;
13856;4055744021312;Englisch Vollbl.Hengst;5;N;4.32;7.99;43;1;1;
13857;4055744021329;Englisch Vollbl.Fohlen;5;N;2.78;4.99;43;1;1;
13858;4055744021336;Holsteiner Stute;5;N;4.32;7.99;43;1;1;
13859;4055744021343;Holsteiner Wallach;5;N;4.32;7.99;43;1;1;
13860;4055744021350;Holsteiner Fohlen;5;N;2.78;4.99;43;1;1;
13861;4055744027888;Appaloosa Stute;5;N;4.32;7.99;43;1;1;
13862;4055744027895;Appaloosa Fohlen;5;N;2.78;4.99;43;1;1;
13863;4055744025068;Connemara Pony Stute;5;N;3.38;5.99;43;1;1;
13865;4055744019852;Texas Longhorn Kuh;5;N;4.32;7.99;43;1;1;
13866;4055744018077;Texas Longhorn Bulle;5;N;4.32;7.99;43;1;1;
13867;4055744018046;Hereford Kuh;5;N;4.32;7.99;43;1;1;
13868;4055744018053;Hereford Kalb;5;N;2.78;4.99;43;1;1;
13869;4055744020292;Morgan Horse Hengst;5;N;4.32;7.99;43;1;1;
13870;4055744020308;Morgan Horse Stute;5;N;4.32;7.99;43;1;1;
13871;4055744020520;Welsh-Pony Hengst;5;N;4.32;7.99;43;1;1;
13872;4055744020537;Welsh-Pony Stute;5;N;4.32;7.99;43;1;1;
13873;4055744020551;Dartmoor-Pony Stute;5;N;3.38;5.99;43;1;1;
13874;4055744020568;Braunvieh Kuh;5;N;4.32;7.99;43;1;1;
13875;4055744020575;Schwarzer Stier;5;N;4.32;7.99;43;1;1;
13876;4055744027321;Yorkshire Terrier;5;N;2.20;3.99;43;1;1;
13877;4055744020599;FranzoesischeBulldogge;5;N;2.20;3.99;43;1;1;
14585;4055744008368;Velociraptor;1;N;5.70;9.99;43;1;1;
14586;4055744008900;Carnotaurus;1;N;8.35;14.99;43;1;1;
14587;4055744009419;Tyrannosaurus Rex;1;N;11.25;19.99;43;1;1;
14800;4055744019777;Eisbaer;5;N;4.32;7.99;43;1;1;
14801;4055744018084;Seehund;5;N;2.78;4.99;43;1;1;
14802;4055744018299;Seehund Junges;5;N;2.20;3.99;43;1;1;
14803;4055744019784;Walross;5;N;4.32;7.99;43;1;1;
14804;4055744019791;Arktisches Wolfsjunges;5;N;2.20;3.99;43;1;1;
14805;4055744020735;Polarfuchs;5;N;2.78;4.99;43;1;1;
14806;4055744020742;Blauwal;1;N;5.70;9.99;43;1;1;
14807;4055744020759;Orka;1;N;5.25;8.99;43;1;1;
14808;4055744020766;Delfin;5;N;2.78;4.99;43;1;1;
14809;4055744020773;Weisser Hai;5;N;4.32;7.99;43;1;1;
14810;4055744020780;Zebra Stute;5;N;4.32;7.99;43;1;1;
14811;4055744020797;Zebra Fohlen;5;N;2.78;4.99;43;1;1;
14812;4055744020803;Loewe;5;N;3.38;5.99;43;1;1;
14813;4055744020810;Loewenjunges;5;N;2.20;3.99;43;1;1;
14814;4055744020827;Flusspferd;5;N;4.32;7.99;43;1;1;
14815;4055744020834;Koalabaer;5;N;2.78;4.99;43;1;1;
14816;4055744020841;Panzernashorn;5;N;4.32;7.99;43;1;1;
14817;4055744020858;Schimpanse Maennchen;5;N;3.38;5.99;43;1;1;
15000;4055744017766;Triceratops;1;N;7.45;12.99;43;1;1;
15001;4055744020193;Oviraptor;1;N;4.32;7.99;43;1;1;
15002;4055744018039;Dinogorgon;1;N;4.32;7.99;43;1;1;
15003;4055744021268;Therizinosaurus;1;N;11.25;19.99;43;1;1;
15004;4055744020223;Psittacosaurus;1;N;4.32;7.99;43;1;1;
15005;4055744020247;Tawa;1;N;4.32;7.99;43;1;1;
20804;4055744021152;Fussb.PapaSchl.Trainer;5;N;2.50;4.49;43;1;1;
20805;4055744021169;Fussball Schlumpfine;5;N;2.50;4.49;43;1;1;
20806;4055744021176;Fussball Schlumpf+Ball;5;N;2.50;4.49;43;1;1;
20807;4055744021183;Fussb.Schl.+ Trophaee;5;N;2.50;4.49;43;1;1;
20808;4055744021190;Fussb.Schl.Torhueter;5;N;2.50;4.49;43;1;1;
20809;4055744021206;Fussb.Schl.Schiedsr.;5;N;2.50;4.49;43;1;1;
20918;4055744021213;30 Fussball Schluempfe;1;N;75.00;134.70;43;1;1;
21511;4055744020643;Deadpool;3;N;7.65;12.99;43;1;1;
21512;4055744020650;Spider-Gwen;3;N;7.65;12.99;43;1;1;
21513;4055744020667;BlackPanther(Bl.P.Mov);3;N;7.65;12.99;43;1;1;
21514;4055744020674;Rocket+Groo (GOTG2Mov);3;N;7.65;12.99;43;1;1;
27012;4055744021121;Die Biene Maja Film S1;5;N;7.65;12.99;43;1;1;
27013;4055744021138;Die Biene Maja Film S2;5;N;7.65;12.99;43;1;1;
27014;4055744021145;Die Biene Maja Film S3;2;N;7.65;12.99;43;1;1;
41463;4055744020285;Delfin-Mama mit Babies;1;N;5.88;9.99;43;1;1;
42411;4055744021398;HorseC Hannah+Cayenne;3;N;10.20;17.99;43;1;1;
42412;4055744021435;HorseC Sofia+ Blossom;3;N;10.20;17.99;43;1;1;
42413;4055744021855;Horse Club Lisa+Storm;3;N;10.20;17.99;43;1;1;
42414;4055744021596;Horse C Sarah+Mystery;3;N;10.20;17.99;43;1;1;
42415;4055744021886;Wohnw.f.geh.Club-Treff;1;N;34.50;54.99;42;1;1;
42419;4055744020605;Westernreiten;3;N;12.10;19.99;43;1;1;
42420;4055744020612;Kaninchenstall;3;N;12.10;19.99;43;1;1;
42421;4055744020629;Huehnerstall;1;N;12.10;19.99;43;1;1;
42422;4055744018022;Mini-Schwein Mutter+F.;3;N;4.65;7.99;43;1;1;
42423;4055744020636;Pony Stute und Fohlen;3;N;4.65;7.99;43;1;1;
42427;4055744020865;Falle mit Ranger;1;N;12.10;19.99;43;1;1;
42428;4055744020872;Ranger+Nashorn St.-Set;3;N;5.88;9.99;43;1;1;
42429;4055744020889;Gehege fuer Pandabaeren;1;N;5.88;9.99;43;1;1;
42430;4055744021602;HorseC.Hannahs1.-Hilfe;5;N;7.65;12.99;43;1;1;
42431;4055744021817;HorseC.Sofias Mode-Kre;5;N;5.88;9.99;43;1;1;
42432;4055744021824;HorseC.Sarahs Tierb-Pf;3;N;10.20;17.99;43;1;1;
42433;4055744021831;HorseC.Lisas TurnierTr;1;N;14.80;24.99;43;1;1;
42434;4055744021848;Pferdek.mit Eing.tor;1;N;5.88;9.99;43;1;1;
42435;4055744021893;Horse Club Mia+Spotty;3;N;10.20;17.99;43;1;1;
70521;4055744005374;Einhorn, stehend;3;N;8.70;14.99;43;1;1;
70562;4055744020315;Meerjungf.+BabySchildk;3;N;8.70;14.99;43;1;1;
70563;4055744020322;Meerjungf.+Baby-Seepf.;3;N;8.70;14.99;43;1;1;
70564;4055744020339;Meerjungf.+Baby-Robbe;3;N;8.70;14.99;43;1;1;
70570;4055744020391;Meereseinhorn, Stute;3;N;8.70;14.99;43;1;1;
70571;4055744020407;Meereseinhorn, Hengst;3;N;8.70;14.99;43;1;1;
70572;4055744020414;Meereseinhorn, Fohlen;3;N;4.65;7.99;43;1;1;
70576;4055744020421;GefluegeltesRegenb.einh;3;N;8.70;14.99;43;1;1;
70577;4055744020438;Gefl.Regenb.einh.Fohle;3;N;4.65;7.99;43;1;1;
70629;4055744021862;32 Fohlen, sortiert;1;N;88.96;159.68;43;1;1;
15006;4055744021978;Jungtier Therizinosaurus;1;N;8.35;14.99;43;1;1;
15007;4055744022005;Jungtier Tyrannosaurus Rex;1;N;8.35;14.99;43;1;1;
15008;4055744022036;Pteranodon;1;N;5.70;9.99;43;1;1;
41461;4055744023118;Dinoset mit Hoehle;1;N;31.00;49.99;43;1;1;
42407;4055744021060;Bauernhaus + Stall und Tieren;2;N;52.00;79.99;43;1;1;
42408;4055744021077;Abenteuer Baumhaus;2;N;38.00;59.99;43;1;1;
42410;4055744021107;Gelaendewagen mit Seilwinde;1;N;24.80;39.99;42;1;1;
42416;4055744022043;Grosser Pferdehof+Wohnh+Stall;2;N;79.00;119.99;43;1;1;
42417;4055744023125;Reiter-Café;1;N;28.00;44.99;43;1;1;
42426;4055744021084;Geburtstagspicknick;3;N;5.88;9.99;43;1;1;
42442;4055744025129;Spielteppich Bauernhof;1;N;18.60;29.99;43;1;1;
42445;4055744021909;Glitz.Bluetenh+Einh,See+Stall;2;N;46.00;69.99;43;1;1;
42447;4055744020933;Lava Golem mit Waffe;3;N;8.70;14.99;43;1;1;
42448;4055744020940;Eismonster mit Waffe;3;N;8.70;14.99;43;1;1;
42449;4055744020957;Monsterkrake mit Waffe;3;N;8.70;14.99;43;1;1;
42450;4055744020964;Steinskelett mit Waffe;3;N;8.70;14.99;43;1;1;
42451;4055744020971;Hoellenhund;3;N;5.70;9.99;43;1;1;
42452;4055744020988;Schneewolf;3;N;5.70;9.99;43;1;1;
42453;4055744020995;Monsterfisch;3;N;5.70;9.99;43;1;1;
42454;4055744021008;Hoehlenbaer;3;N;5.70;9.99;43;1;1;
42455;4055744021015;Frostmonster vs. Feuerloewe;1;N;21.00;34.99;43;1;1;
42489;4055744024771;Sattel&Zaumz.HC Hanna&Cayenne;6;N;1.68;2.99;43;1;1;
42490;4055744024788;Sattel&Zaumz.HC Sofia&Blossom;6;N;1.68;2.99;43;1;1;
42491;4055744024795;Sattel&Zaumz.HC Lisa & Storm;6;N;1.68;2.99;43;1;1;
42492;4055744024801;Sattel&Zaumz.HC Sarah&Mystery;6;N;1.68;2.99;43;1;1;
70138;4055744021022;Lavadrache;2;N;11.25;19.99;43;1;1;
70139;4055744021039;Eisdrache;2;N;11.25;19.99;43;1;1;
70140;4055744021046;Seemonster;2;N;11.25;19.99;43;1;1;
70141;4055744021053;Steinmonster;2;N;11.25;19.99;43;1;1;
70565;4055744020346;Sera mit Blueten-Einhorn;3;N;10.20;17.99;43;1;1;
70566;4055744020353;Surah mit Glitzer-Pegasus;3;N;10.20;17.99;43;1;1;
70567;4055744020360;Marween mit Glitzer-Einhorn;3;N;10.20;17.99;43;1;1;
70568;4055744020377;Feya mit Pegasus-Einhorn;3;N;10.20;17.99;43;1;1;
70569;4055744020384;Eyela + Prinzessinnen-Einhorn;3;N;10.20;17.99;43;1;1;
70573;4055744021947;Schmuckeinhorn, Stute;3;N;8.70;14.99;43;1;1;
70574;4055744021954;Schmuckpegasus, Hengst;3;N;8.70;14.99;43;1;1;
70575;4055744021961;Schmuckeinhorn-Pegasus,Fohlen;3;N;4.65;7.99;43;1;1;
97700;4055744021091;Adventskal. Farm World 2018;6;N;19.00;29.99;85;1;1;
97702;4055744021114;Adventskal. Wild Life 2018;6;N;19.00;29.99;85;1;1;
97780;4055744023132;Horse Club Adventskal. 2018;6;N;19.00;29.99;85;1;1;
97912;4055744024900;Display Adventskal.Farm World;1;N;228.00;359.88;85;1;1;
97913;4055744024917;Display Adventskal.Horse Club;1;N;228.00;359.88;85;1;1;
97914;4055744024924;Display Eldrador Creatures;1;N;274.20;479.66;43;1;1;
97915;4055744024931;Display Nikolaus;1;N;486.73;862.99;43;1;1;
97917;4055744024955;Display Adventsk. gemischt;1;N;228.00;359.88;85;1;1;
97918;4055744024962;Display Adventskal. Wild Life;1;N;228.00;359.88;85;1;1;
97921;4055744024993;Weihnachtspalette;1;N;1055.40;1649.76;85;1;1;
97916;4055744024948;Schaufenster Weihnachten;1;N;165.00;0.00;90;1;1;
97920;4055744024986;Schaufenst.Eldrador Creatures;1;N;165.00;0.00;90;1;1;
14540;4005086145405;Anhanguera;1;;5.70;9.99;43;1;1;
20800;4055744012211;Schlumpf Movie Set 1;5;;7.65;12.99;43;1;1;
20801;4055744012228;Schlumpf Movie Set 2;5;;7.65;12.99;43;1;1;
20802;4055744012235;Schlumpf Movie Set 3;3;;14.80;24.99;43;1;1;
21049;4005086210493;Pferdefuett. Trakehner;3;;12.10;21.99;43;1;1;
22043;4055744007361;Scenery Pack Baseball;3;;8.70;14.99;43;1;1;
22050;4005086220508;Olaf;5;;2.50;4.49;43;1;1;
22051;4005086220515;Spike;5;;2.50;4.49;43;1;1;
22052;4005086220522;Peppermint Patty;5;;2.50;4.49;43;1;1;
22053;4005086220539;Fifi;5;;2.50;4.49;43;1;1;
22055;4055744007385;SP Lucy & Schroeder;3;;8.70;14.99;43;1;1;
22540;4055744010057;BATMAN vs. BANE;2;;11.25;19.99;43;1;1;
22541;4055744010071;SUPERMAN vs.LEX LUTHOR;2;;11.25;19.99;43;1;1;
41431;4005086414310;Pferdepfl.+Isl.Pony St;5;;5.88;9.99;43;1;1;
41434;4005086414341;Springreitt+Knabstr.St;3;;12.10;21.99;43;1;1;
41443;4055744005275;Magisch.Blueten-Ballon;1;;24.80;39.99;43;1;1;
42111;4005086421110;Turnierreiterin;3;;8.70;14.99;43;1;1;
42112;4005086421127;Westernreiterin;3;;8.70;14.99;43;1;1;
42122;4005086421226;Westernsattel+Zaumzeug;6;;1.68;2.99;43;1;1;
42123;4005086421233;Springreitsattel+Zaumz;6;;1.68;2.99;43;1;1;
42126;4005086421264;Ponysattel + Zaumzeug;6;;1.68;2.99;43;1;1;
42138;4005086421387;Spieleteppich Farm L.;1;;18.60;29.99;43;1;1;
42165;4005086421653;Freizeitreitsattel+Z.;6;;1.68;2.99;43;1;1;
42166;4005086421660;Turnierreitsattel+Zaum;6;;1.68;2.99;43;1;1;
42172;4005086421721;Heilungsset, gross;3;;12.10;21.99;43;1;1;
42173;4005086421738;Pflege+FuttersEinh+Peg;3;;12.10;21.99;43;1;1;
42261;4005086422612;Dinosaurierset +Hoehle;1;;31.00;49.99;43;1;1;
42270;4005086422704;Pferdepfl.s.Andalusier;3;;8.70;14.99;43;1;1;
42358;4055744011771;Springreiterin + Pferd;3;;8.70;14.99;43;1;1;
42359;4055744012396;Freizeitreiterin+Pferd;3;;8.70;14.99;43;1;1;
42362;4055744012426;Pferdepfleg. + Shettys;3;;8.70;14.99;43;1;1;
42363;4055744012433;Reiterin +Island Ponys;3;;12.10;21.99;43;1;1;
42382;4055744014055;Gorillas auf Futters.;1;;8.70;14.99;43;1;1;
70124;4005086701243;Skorpionreiter;1;;21.00;34.99;43;1;1;
70503;4005086705036;Sera,festl.Kleid,reit;3;;8.70;14.99;43;1;1;
70504;4005086705043;Surah,festl.Kleid,reit;3;;8.70;14.99;43;1;1;
70505;4005086705050;Feya,festl.Kleid,steh;3;;4.65;7.99;43;1;1;
70508;4005086705081;Drache Flieger;2;;11.25;19.99;43;1;1;
70509;4005086705098;Drache Kaempfer;2;;11.25;19.99;43;1;1;
70512;4005086705128;Drache Krieger;2;;11.25;19.99;43;1;1;
70514;4005086705142;Surah,festl.Kleid,steh;3;;4.65;7.99;43;1;1;
70516;4005086705166;Eyela,festl.Kleid,reit;3;;8.70;14.99;43;1;1;
70517;4005086705173;Marween,fest.Kleid,rei;3;;8.70;14.99;43;1;1;
70519;4005086705197;Feya,festl.Kleid,reit;3;;8.70;14.99;43;1;1;
70520;4005086705203;Drache Taucher;2;;11.25;19.99;43;1;1;
70526;4005086705265;Feyas Rosenhuendchen;5;;2.20;3.99;43;1;1;
70528;4005086705289;Seras Blaetterhase;5;;2.20;3.99;43;1;1;
70530;4005086705302;MarweensStreifenfohlen;5;;2.78;4.99;43;1;1;
70531;4005086705319;IlorisSchleierbaerchen;5;;2.20;3.99;43;1;1;
70534;4055744005411;Venuja;3;;4.65;7.99;43;1;1;
70535;4055744005435;Femaja;3;;4.65;7.99;43;1;1;
70536;4055744005459;Zenaja;3;;4.65;7.99;43;1;1;
70539;4055744005510;Safenja;3;;8.70;14.99;43;1;1;
70541;4055744008986;Drache Eis-Stuermer;2;;11.25;19.99;43;1;1;
70542;4005086705425;36 Elfenbegleiter,sort;1;;89.64;161.64;43;1;1;
70548;4055744012310;Zenajas Bluetenreh;5;;2.78;4.99;43;1;1;
70559;4055744012860;Drache Nachtjaeger;2;;11.25;19.99;43;1;1;
70560;4055744012877;Drache Wilderer;2;;11.25;19.99;43;1;1;
